
Test: 0

Depth: 
     혀rtesian                                  AVL
1)     20                      11
2)     23                      11
3)     20                      11
4)     22                      11
5)     24                      11
6)     23                      11
7)     21                      11
8)     19                      11
9)     22                      11
10)     22                      11
11)     20                      11
12)     22                      11
13)     23                      11
14)     20                      11
15)     24                      11
16)     20                      11
17)     23                      11
18)     21                      11
19)     28                      11
20)     24                      11
21)     26                      11
22)     23                      11
23)     23                      11
24)     20                      11
25)     21                      11
26)     20                      11
27)     20                      11
28)     21                      11
29)     23                      11
30)     24                      11
31)     19                      11
32)     21                      11
33)     20                      11
34)     25                      11
35)     22                      11
36)     21                      11
37)     22                      11
38)     20                      11
39)     21                      11
40)     22                      11
41)     22                      11
42)     20                      11
43)     21                      11
44)     19                      11
45)     21                      12
46)     21                      11
47)     23                      11
48)     27                      11
49)     22                      11
50)     24                      11

Test: 1

Depth: 
     혀rtesian                                  AVL
1)     26                      13
2)     23                      13
3)     25                      12
4)     27                      13
5)     26                      12
6)     24                      12
7)     23                      13
8)     23                      13
9)     24                      12
10)     23                      12
11)     25                      13
12)     22                      12
13)     24                      13
14)     26                      13
15)     29                      12
16)     23                      12
17)     25                      12
18)     26                      13
19)     23                      13
20)     25                      12
21)     30                      12
22)     27                      13
23)     24                      13
24)     22                      12
25)     23                      12
26)     22                      12
27)     25                      13
28)     24                      12
29)     26                      12
30)     23                      13
31)     25                      12
32)     26                      12
33)     25                      12
34)     27                      13
35)     24                      12
36)     26                      12
37)     26                      12
38)     24                      12
39)     25                      12
40)     23                      13
41)     26                      12
42)     29                      12
43)     25                      12
44)     26                      12
45)     23                      12
46)     22                      13
47)     27                      13
48)     23                      12
49)     24                      12
50)     25                      12

Test: 2

Depth: 
     혀rtesian                                  AVL
1)     28                      13
2)     26                      13
3)     29                      14
4)     25                      14
5)     28                      13
6)     28                      14
7)     26                      14
8)     32                      13
9)     25                      14
10)     27                      14
11)     30                      13
12)     28                      14
13)     26                      13
14)     29                      14
15)     25                      13
16)     28                      14
17)     29                      14
18)     27                      14
19)     25                      14
20)     29                      14
21)     31                      13
22)     27                      13
23)     25                      14
24)     28                      14
25)     30                      14
26)     27                      14
27)     30                      14
28)     29                      14
29)     28                      14
30)     26                      13
31)     26                      14
32)     31                      14
33)     26                      14
34)     27                      13
35)     26                      13
36)     25                      14
37)     26                      14
38)     26                      14
39)     29                      14
40)     28                      13
41)     28                      14
42)     29                      14
43)     29                      14
44)     28                      13
45)     32                      13
46)     29                      14
47)     26                      14
48)     30                      13
49)     27                      14
50)     25                      14

Test: 3

Depth: 
     혀rtesian                                  AVL
1)     30                      14
2)     30                      15
3)     28                      15
4)     37                      15
5)     30                      15
6)     28                      15
7)     31                      15
8)     27                      14
9)     32                      15
10)     28                      15
11)     35                      15
12)     32                      15
13)     29                      15
14)     28                      15
15)     32                      15
16)     30                      15
17)     37                      15
18)     31                      15
19)     30                      15
20)     28                      15
21)     30                      15
22)     28                      15
23)     31                      15
24)     30                      15
25)     29                      15
26)     28                      15
27)     31                      15
28)     31                      15
29)     29                      15
30)     28                      15
31)     31                      15
32)     32                      15
33)     32                      15
34)     30                      15
35)     30                      15
36)     28                      15
37)     31                      15
38)     31                      15
39)     29                      15
40)     30                      15
41)     28                      15
42)     34                      15
43)     31                      15
44)     27                      15
45)     28                      15
46)     31                      15
47)     29                      15
48)     28                      15
49)     33                      15
50)     30                      15

Test: 4

Depth: 
     혀rtesian                                  AVL
1)     33                      16
2)     36                      16
3)     31                      16
4)     34                      16
5)     34                      16
6)     33                      16
7)     34                      16
8)     37                      16
9)     34                      16
10)     31                      16
11)     34                      16
12)     33                      16
13)     33                      16
14)     30                      16
15)     30                      16
16)     35                      16
17)     35                      16
18)     32                      16
19)     33                      16
20)     32                      16
21)     33                      16
22)     32                      16
23)     33                      16
24)     32                      16
25)     32                      16
26)     32                      16
27)     34                      16
28)     33                      16
29)     31                      16
30)     31                      16
31)     31                      16
32)     29                      16
33)     32                      16
34)     32                      16
35)     29                      16
36)     33                      16
37)     38                      16
38)     34                      16
39)     31                      16
40)     33                      16
41)     34                      16
42)     36                      16
43)     36                      16
44)     35                      16
45)     35                      16
46)     34                      16
47)     37                      16
48)     32                      16
49)     34                      16
50)     34                      16

Test: 5

Depth: 
     혀rtesian                                  AVL
1)     37                      17
2)     35                      17
3)     36                      17
4)     38                      17
5)     38                      17
6)     40                      17
7)     36                      17
8)     35                      18
9)     41                      17
10)     37                      17
11)     38                      17
12)     37                      17
13)     36                      17
14)     37                      17
15)     38                      17
16)     38                      17
17)     36                      17
18)     34                      17
19)     34                      17
20)     40                      17
21)     35                      17
22)     35                      17
23)     35                      17
24)     37                      17
25)     35                      17
26)     37                      17
27)     40                      17
28)     39                      17
29)     34                      17
30)     36                      18
31)     36                      17
32)     35                      17
33)     37                      17
34)     36                      17
35)     37                      17
36)     34                      17
37)     37                      17
38)     37                      17
39)     36                      17
40)     36                      17
41)     36                      17
42)     35                      17
43)     37                      17

Test: 0

Depth: 
     혀rtesian                                  AVL
1)     22                      11
2)     23                      11
3)     21                      11
4)     21                      11
5)     22                      11
6)     22                      11
7)     21                      11
8)     24                      11
9)     21                      11
10)     26                      11
11)     20                      11
12)     21                      11
13)     20                      11
14)     23                      11
15)     21                      11
16)     21                      11
17)     24                      11
18)     20                      11
19)     20                      11
20)     24                      11
21)     21                      11
22)     24                      11
23)     20                      11
24)     21                      11
25)     21                      11
26)     23                      11
27)     22                      11
28)     27                      11
29)     21                      11
30)     26                      11
31)     20                      11
32)     23                      11
33)     26                      11
34)     25                      11
35)     25                      12
36)     24                      11
37)     26                      11
38)     23                      11
39)     23                      11
40)     21                      11
41)     23                      11
42)     26                      11
43)     23                      11
44)     20                      11
45)     19                      11
46)     23                      11
47)     21                      11
48)     20                      11
49)     21                      11
50)     22                      11

Test: 1

Depth: 
     혀rtesian                                  AVL
1)     28                      13
2)     25                      12
3)     23                      13
4)     26                      12
5)     24                      13
6)     23                      12
7)     30                      12
8)     25                      12
9)     24                      12
10)     31                      12
11)     27                      12
12)     20                      12
13)     26                      13
14)     28                      12
15)     27                      13
16)     24                      12
17)     24                      13
18)     24                      12
19)     22                      12
20)     22                      12
21)     22                      12
22)     26                      13
23)     28                      13
24)     24                      13
25)     27                      12
26)     29                      13
27)     24                      12
28)     24                      12
29)     28                      12
30)     27                      12
31)     25                      12
32)     26                      13
33)     23                      12
34)     23                      12
35)     26                      12
36)     26                      12
37)     25                      13
38)     26                      13
39)     26                      12
40)     24                      12
41)     24                      12
42)     24                      12
43)     25                      12
44)     24                      12
45)     25                      12
46)     23                      12
47)     32                      12
48)     25                      13
49)     23                      12
50)     28                      12

Test: 2

Depth: 
     혀rtesian                                  AVL
1)     31                      13
2)     25                      13
3)     31                      13
4)     29                      14
5)     27                      13
6)     30                      13
7)     28                      14
8)     32                      14
9)     26                      13
10)     25                      13
11)     27                      14
12)     29                      14
13)     27                      14
14)     26                      13
15)     24                      13
16)     28                      14
17)     28                      14
18)     25                      14
19)     23                      13
20)     28                      13
21)     28                      14
22)     26                      13
23)     29                      13
24)     27                      14
25)     31                      13
26)     27                      14
27)     27                      14
28)     28                      14
29)     28                      14
30)     25                      14
31)     27                      14
32)     26                      14
33)     27                      14
34)     28                      14
35)     27                      14
36)     28                      13
37)     29                      14
38)     27                      14

Test: 0

Depth: 
     혀rtesian                                  AVL
1)     22                      11
2)     24                      12
3)     23                      11
4)     22                      11
5)     20                      11
6)     24                      11
7)     22                      11
8)     25                      11
9)     20                      11
10)     25                      11
11)     24                      11
12)     22                      11
13)     27                      12
14)     20                      11
15)     22                      11
16)     21                      11
17)     21                      11
18)     26                      11
19)     20                      11
20)     26                      11
21)     21                      12
22)     23                      11
23)     22                      11
24)     21                      11
25)     23                      11
26)     20                      11
27)     22                      11
28)     24                      11
29)     24                      11
30)     23                      12
31)     22                      11
32)     20                      11
33)     23                      11
34)     25                      11
35)     24                      11
36)     21                      11
37)     25                      11
38)     21                      12
39)     21                      11
40)     26                      11
41)     21                      11
42)     22                      12
43)     22                      11
44)     25                      11
45)     22                      11
46)     23                      11
47)     22                      11
48)     19                      11
49)     21                      11
50)     23                      11

Test: 1

Depth: 
     혀rtesian                                  AVL
1)     27                      13
2)     25                      12
3)     26                      12
4)     25                      12
5)     26                      12
6)     28                      12
7)     24                      13
8)     23                      12
9)     22                      12
10)     26                      13
11)     24                      13
12)     25                      13
13)     27                      12
14)     24                      12
15)     22                      13
16)     23                      13
17)     26                      12
18)     25                      12
19)     26                      12
20)     25                      12
21)     26                      12
22)     28                      12
23)     24                      12
24)     23                      12
25)     22                      12
26)     26                      12
27)     28                      13
28)     22                      12
29)     23                      12
30)     22                      13
31)     27                      13
32)     30                      12
33)     24                      12
34)     26                      13
35)     27                      12
36)     23                      13
37)     26                      13
38)     24                      12
39)     25                      12
40)     23                      12
41)     26                      13
42)     23                      12
43)     25                      12
44)     24                      12
45)     24                      12
46)     23                      12
47)     25                      13
48)     26                      13
49)     22                      12
50)     26                      13

Test: 2

Depth: 
     혀rtesian                                  AVL
1)     32                      14
2)     27                      13
3)     26                      14
4)     24                      14
5)     28                      14
6)     26                      14
7)     27                      14
8)     29                      14
9)     30                      14
10)     26                      13
11)     27                      14
12)     28                      14
13)     28                      13
14)     27                      13
15)     32                      14
16)     27                      13
17)     29                      13
18)     28                      13
19)     26                      14
20)     27                      14
21)     29                      14
22)     27                      14
23)     28                      13
24)     26                      14
25)     27                      13
26)     27                      14
27)     29                      13
28)     28                      13
29)     26                      13
30)     29                      14
31)     26                      13
32)     27                      14
33)     27                      14
34)     26                      14
35)     29                      13
36)     28                      14
37)     27                      14
38)     29                      14
39)     25                      14
40)     29                      14
41)     26                      14
42)     31                      14
43)     27                      14
44)     26                      13
45)     28                      13
46)     28                      13
47)     27                      14
48)     24                      13
49)     32                      14
50)     30                      13

Test: 3

Depth: 
     혀rtesian                                  AVL
1)     31                      14
2)     29                      15
3)     31                      15
4)     38                      15
5)     28                      15
6)     28                      15
7)     30                      15
8)     27                      14
9)     32                      15
10)     29                      15
11)     32                      15
12)     31                      15
13)     29                      15
14)     30                      15
15)     30                      15
16)     32                      15
17)     33                      15
18)     30                      15
19)     29                      15
20)     29                      15
21)     30                      15
22)     31                      15
23)     32                      15
24)     28                      15
25)     36                      15
26)     32                      15
27)     30                      15
28)     27                      15
29)     28                      15
30)     28                      15
31)     29                      15
32)     34                      15
33)     30                      15
34)     30                      15
35)     33                      15
36)     30                      15
37)     32                      15
38)     33                      15
39)     31                      15
40)     33                      15
41)     31                      15
42)     33                      15
43)     27                      15
44)     29                      15
45)     29                      15
46)     37                      15
47)     31                      15
48)     37                      15
49)     30                      15
50)     34                      15

Test: 4

Depth: 
     혀rtesian                                  AVL
1)     34                      16
2)     32                      16
3)     38                      16
4)     32                      16
5)     34                      16
6)     32                      16
7)     33                      16
8)     29                      16
9)     31                      16
10)     33                      16
11)     31                      16
12)     32                      16
13)     33                      16
14)     32                      16
15)     30                      16
16)     32                      16
17)     31                      16
18)     34                      16
19)     32                      16
20)     33                      16
21)     32                      16
22)     33                      16
23)     32                      16
24)     33                      16
25)     32                      16
26)     37                      16
27)     30                      16
28)     31                      16
29)     33                      16
30)     36                      16
31)     37                      16
32)     31                      16
33)     31                      16
34)     33                      16
35)     33                      16
36)     31                      16
37)     31                      16
38)     30                      16
39)     38                      16
40)     32                      16
41)     32                      16
42)     33                      16
43)     34                      16
44)     37                      16
45)     29                      16
46)     31                      16
47)     33                      16
48)     32                      16
49)     33                      16
50)     33                      16

Test: 5

Depth: 
     혀rtesian                                  AVL
1)     38                      17
2)     36                      17
3)     37                      17
4)     39                      17
5)     35                      17
6)     42                      17
7)     34                      17
8)     34                      17
9)     36                      17
10)     35                      17
11)     37                      17
12)     34                      17
13)     33                      17
14)     34                      17
15)     37                      17
16)     37                      17
17)     35                      17
18)     36                      17
19)     34                      17
20)     37                      17
21)     35                      17
22)     37                      17
23)     39                      17
24)     37                      17
25)     36                      17
26)     37                      17
27)     38                      17
28)     37                      17
29)     39                      17
30)     37                      17
31)     36                      17
32)     38                      17
33)     33                      17
34)     34                      17
35)     35                      17
36)     35                      17
37)     32                      17
38)     35                      17
39)     35                      17
40)     36                      17
41)     36                      17
42)     40                      17
43)     33                      17
44)     37                      17
45)     34                      17
46)     37                      17
47)     40                      17
48)     35                      17
49)     34                      17
50)     39                      17

Test: 6

Depth: 
     혀rtesian                                  AVL
1)     39                      18
2)     40                      18
3)     38                      18
4)     36                      18
5)     39                      18
6)     40                      18
7)     40                      18
8)     36                      17
9)     41                      18
10)     41                      18
11)     37                      18
12)     39                      18
13)     38                      18
14)     42                      18
15)     38                      18
16)     45                      18
17)     44                      18
18)     40                      18
19)     37                      18
20)     41                      17
21)     39                      18
22)     38                      18
23)     41                      18
24)     37                      18
25)     40                      18
26)     41                      18
27)     42                      18
28)     41                      18
29)     43                      18
30)     38                      17
31)     38                      18
32)     37                      18
33)     37                      17
34)     35                      18
35)     39                      18
36)     36                      18
37)     38                      18
38)     40                      18
39)     37                      18
40)     38                      18
41)     37                      17
42)     37                      18
43)     43                      17
44)     36                      18
45)     41                      18
46)     41                      18
47)     40                      17
48)     39                      18
49)     38                      18
50)     42                      18

Test: 7

Depth: 
     혀rtesian                                  AVL
1)     38                      18
2)     43                      18
3)     41                      18
4)     43                      18
5)     41                      18
6)     47                      18
7)     37                      18
8)     39                      18
9)     41                      18
10)     47                      18
11)     42                      18
12)     46                      18
13)     45                      18
14)     40                      18
15)     43                      18
16)     41                      18
17)     43                      18
18)     39                      18
19)     42                      18
20)     39                      18
21)     40                      18
22)     47                      18
23)     43                      18
24)     42                      18
25)     47                      18
26)     51                      18
27)     43                      18
28)     43                      18
29)     43                      18
30)     42                      18
31)     39                      18
32)     42                      18
33)     40                      18
34)     41                      18
35)     46                      18
36)     40                      18
37)     41                      18
38)     40                      18
39)     44                      18
40)     43                      18
41)     42                      18
42)     49                      18
43)     44                      18
44)     42                      18
45)     41                      18
46)     40                      18
47)     41                      18
48)     40                      18
49)     44                      18
50)     38                      18

Test: 0

Depth: 
     혀rtesian                                  AVL
1)     26                      11
2)     27                      11
3)     23                      11
4)     20                      11
5)     20                      11
6)     23                      11
7)     19                      11
8)     19                      12
9)     21                      11
10)     22                      11
11)     23                      11
12)     22                      11
13)     19                      11
14)     20                      11
15)     19                      11
16)     23                      11
17)     24                      11
18)     23                      11
19)     20                      11
20)     23                      12
21)     25                      11
22)     23                      11
23)     22                      11
24)     19                      11
25)     21                      11
26)     24                      11
27)     22                      11
28)     21                      11
29)     21                      11
30)     20                      11
31)     24                      11
32)     19                      11
33)     20                      11
34)     22                      11
35)     22                      12
36)     23                      11
37)     22                      11
38)     21                      11
39)     23                      11
40)     20                      11
41)     22                      11
42)     20                      11
43)     20                      11
44)     22                      11
45)     26                      11
46)     21                      11
47)     20                      11
48)     20                      11
49)     20                      11
50)     24                      11

Test: 1

Depth: 
     혀rtesian                                  AVL
1)     24                      12
2)     27                      13
3)     23                      12
4)     24                      12
5)     27                      12
6)     27                      12
7)     26                      12
8)     24                      13
9)     24                      13
10)     24                      12
11)     25                      13
12)     26                      12
13)     23                      12
14)     29                      12
15)     23                      13
16)     25                      13
17)     27                      13
18)     24                      12
19)     25                      12
20)     25                      12
21)     26                      12
22)     23                      13
23)     24                      12
24)     21                      12
25)     24                      12
26)     31                      13
27)     25                      12
28)     22                      12
29)     27                      12
30)     27                      12
31)     22                      12
32)     25                      13
33)     23                      12
34)     25                      13
35)     24                      12
36)     25                      12
37)     24                      12
38)     23                      13
39)     24                      12
40)     26                      13
41)     24                      12
42)     25                      12
43)     24                      12
44)     23                      12
45)     26                      12
46)     26                      13
47)     25                      13
48)     26                      12
49)     29                      12
50)     27                      12

Test: 2

Depth: 
     혀rtesian                                  AVL
1)     28                      14
2)     28                      14
3)     31                      13
4)     31                      14
5)     29                      14
6)     25                      13
7)     26                      14
8)     26                      14
9)     28                      14
10)     26                      14
11)     27                      14
12)     28                      14
13)     27                      14
14)     25                      14
15)     25                      14
16)     26                      13
17)     28                      14
18)     29                      14
19)     30                      13
20)     26                      13
21)     25                      14
22)     25                      14
23)     25                      13
24)     27                      14
25)     28                      14
26)     27                      14
27)     26                      13
28)     28                      13
29)     27                      13
30)     30                      14
31)     24                      14
32)     25                      14
33)     27                      14
34)     31                      14
35)     26                      14
36)     26                      14
37)     26                      13
38)     26                      13
39)     26                      14
40)     31                      13
41)     26                      14
42)     26                      14
43)     25                      14
44)     29                      14
45)     29                      14
46)     27                      14
47)     24                      14
48)     31                      14
49)     31                      14
50)     28                      14

Test: 3

Depth: 
     혀rtesian                                  AVL
1)     29                      15
2)     31                      15
3)     29                      15
4)     30                      15
5)     29                      15
6)     30                      15

Test: 0

Depth: 
     혀rtesian                                  AVL
1)     22                      11
2)     22                      11
3)     19                      11
4)     21                      11
5)     24                      11
6)     21                      11
7)     22                      11
8)     21                      11
9)     22                      11
10)     23                      11
11)     22                      11
12)     19                      11
13)     24                      11
14)     23                      11
15)     23                      11
16)     24                      11
17)     21                      11
18)     22                      11
19)     19                      11
20)     24                      11
21)     24                      11
22)     22                      11
23)     20                      11
24)     23                      11
25)     21                      11
26)     28                      11
27)     21                      11
28)     22                      11
29)     23                      11
30)     23                      11
31)     19                      11
32)     20                      11
33)     23                      11
34)     20                      11
35)     22                      11
36)     22                      11
37)     22                      11
38)     20                      11
39)     24                      11
40)     22                      11
41)     22                      11
42)     22                      11
43)     28                      11
44)     24                      11
45)     21                      11
46)     27                      11
47)     25                      11
48)     23                      11
49)     24                      11
50)     25                      11

Test: 1

Depth: 
     혀rtesian                                  AVL
1)     24                      13
2)     24                      12
3)     24                      12
4)     23                      12
5)     25                      12
6)     29                      12
7)     23                      12
8)     24                      12
9)     25                      12
10)     23                      12
11)     22                      12
12)     28                      12
13)     23                      12
14)     25                      12
15)     24                      12
16)     29                      12
17)     25                      12
18)     24                      12
19)     26                      12
20)     25                      13
21)     25                      12
22)     23                      12
23)     26                      13
24)     24                      12
25)     23                      13
26)     23                      12
27)     25                      12
28)     24                      13
29)     24                      12
30)     28                      13
31)     26                      12
32)     25                      12
33)     24                      12
34)     26                      12
35)     23                      12
36)     26                      12
37)     24                      13
38)     29                      12
39)     24                      13
40)     25                      12
41)     26                      12
42)     22                      12
43)     23                      12
44)     26                      13
45)     24                      13
46)     23                      12
47)     23                      13
48)     29                      12
49)     24                      13
50)     25                      12

Test: 2

Depth: 
     혀rtesian                                  AVL
1)     26                      14
2)     23                      13
3)     30                      14
4)     24                      14
5)     27                      14
6)     33                      14
7)     25                      14
8)     28                      13
9)     29                      14
10)     26                      13
11)     27                      14
12)     28                      14
13)     26                      14
14)     28                      14
15)     33                      14
16)     28                      13
17)     28                      14
18)     26                      13
19)     27                      13
20)     26                      14
21)     28                      14
22)     28                      14
23)     27                      14
24)     27                      14
25)     30                      14
26)     24                      14
27)     28                      13
28)     28                      14
29)     28                      14
30)     26                      14
31)     30                      13
32)     27                      14
33)     24                      14
34)     28                      14
35)     29                      14
36)     27                      14
37)     27                      13
38)     28                      14
39)     31                      14
40)     24                      14
41)     30                      14
42)     29                      14
43)     27                      14
44)     28                      13
45)     24                      14
46)     27                      14
47)     26                      13
48)     27                      14
49)     28                      14
50)     30                      13

Test: 3

Depth: 
     혀rtesian                                  AVL
1)     28                      15
2)     30                      15
3)     30                      15
4)     31                      15
5)     32                      15
6)     30                      15
7)     29                      15
8)     31                      15
9)     31                      15
10)     30                      15
11)     31                      15
12)     30                      15
13)     29                      15
14)     27                      15
15)     30                      15
16)     28                      15
17)     29                      15
18)     32                      15
19)     31                      15
20)     33                      15
21)     32                      15
22)     31                      15
23)     32                      15
24)     32                      15
25)     32                      15
26)     30                      15
27)     30                      15
28)     33                      15
29)     31                      15
30)     36                      15
31)     30                      15
32)     29                      15
33)     29                      15
34)     30                      15
35)     29                      15
36)     29                      15
37)     30                      15
38)     28                      15
39)     30                      15
40)     31                      15
41)     31                      15
42)     27                      14
43)     32                      15
44)     29                      15
45)     29                      15
46)     32                      15
47)     30                      15
48)     30                      15
49)     28                      15
50)     32                      15

Test: 4

Depth: 
     혀rtesian                                  AVL
1)     32                      16
2)     35                      16
3)     33                      16
4)     33                      16
5)     33                      16
6)     33                      16
7)     34                      16
8)     32                      16
9)     31                      16
10)     39                      16
11)     32                      16
12)     37                      16
13)     34                      16
14)     31                      16
15)     34                      16
16)     31                      16
17)     35                      16
18)     33                      16
19)     30                      16
20)     34                      16
21)     34                      16
22)     35                      16
23)     33                      16
24)     31                      16
25)     30                      16
26)     34                      16
27)     33                      16
28)     33                      16
29)     30                      16
30)     32                      16
31)     35                      16
32)     35                      16
33)     32                      16
34)     36                      16
35)     34                      16
36)     33                      16
37)     33                      16
38)     33                      16
39)     32                      16
40)     33                      16
41)     33                      16
42)     32                      16
43)     38                      16
44)     30                      16
45)     31                      16
46)     34                      16
47)     35                      16
48)     34                      16
49)     32                      16
50)     36                      16

Test: 5

Depth: 
     혀rtesian                                  AVL
1)     36                      17
2)     34                      17
3)     39                      17
4)     35                      17
5)     35                      17
6)     35                      17
7)     35                      18
8)     35                      17
9)     34                      17
10)     34                      17
11)     35                      17
12)     37                      17
13)     36                      17
14)     39                      17
15)     35                      17
16)     35                      17
17)     42                      17
18)     34                      17
19)     37                      17
20)     39                      17
21)     40                      17
22)     34                      17
23)     37                      17
24)     39                      17
25)     34                      17
26)     36                      17
27)     33                      17
28)     32                      17
29)     34                      18
30)     38                      17
31)     37                      17
32)     36                      17
33)     33                      17
34)     37                      17
35)     37                      17
36)     33                      17
37)     38                      17
38)     35                      18
39)     35                      17
40)     35                      17
41)     35                      17
42)     33                      17
43)     35                      17
44)     33                      17
45)     37                      17
46)     36                      17
47)     35                      17
48)     40                      17
49)     33                      18
50)     33                      17

Test: 6

Depth: 
     혀rtesian                                  AVL
1)     37                      18
2)     37                      18
3)     38                      18
4)     42                      18
5)     39                      18
6)     38                      18
7)     37                      18
8)     37                      18
9)     37                      18
10)     36                      18
11)     41                      18
12)     38                      18
13)     37                      18
14)     42                      18
15)     36                      18
16)     39                      18
17)     42                      18
18)     39                      18
19)     37                      18
20)     40                      18
21)     41                      18
22)     39                      18
23)     37                      18
24)     38                      18
25)     39                      18
26)     40                      18
27)     41                      18
28)     40                      18
29)     39                      18
30)     39                      18
31)     38                      18
32)     37                      18
33)     39                      18
34)     37                      18
35)     42                      18
36)     38                      18
37)     43                      18
38)     39                      18
39)     39                      18
40)     39                      17
41)     41                      18
42)     39                      18
43)     38                      17
44)     41                      18
45)     37                      18
46)     41                      18
47)     39                      17
48)     38                      18
49)     38                      18
50)     41                      18

Test: 7

Depth: 
     혀rtesian                                  AVL
1)     42                      18
2)     41                      18
3)     43                      18
4)     42                      18
5)     42                      18
6)     39                      18
7)     39                      18
8)     41                      18
9)     39                      18
10)     41                      18
11)     41                      18
12)     43                      18
13)     44                      18
14)     42                      18
15)     43                      18
16)     40                      18
17)     42                      18
18)     46                      18
19)     40                      18
20)     40                      18
21)     39                      18
22)     46                      18
23)     41                      18
24)     41                      18
25)     39                      18
26)     43                      18
27)     45                      18
28)     42                      18
29)     42                      18
30)     43                      18
31)     46                      18
32)     43                      18
33)     41                      18
34)     43                      18
35)     41                      18
36)     48                      18
37)     45                      18
38)     43                      18
39)     40                      18
40)     37                      18
41)     44                      18
42)     44                      18
43)     51                      18
44)     42                      18
45)     41                      18
46)     45                      18
47)     41                      18
48)     40                      18
49)     42                      18
50)     40                      18
