
Test: 0

Insert: 
     혀rtesian                                  AVL
1)     0.0014373                      0.0004755
2)     0.0008187                      0.0004755
3)     0.0008427                      0.000442
4)     0.0008525                      0.0004851
5)     0.0008635                      0.000436
6)     0.0012755                      0.0004755
7)     0.00088                      0.0005008
8)     0.0012155                      0.0004437
9)     0.0008022                      0.0005138
10)     0.000906                      0.0004645
11)     0.0007975                      0.0005236
12)     0.0008938                      0.0004328
13)     0.000797                      0.0005102
14)     0.0013865                      0.0004389
15)     0.0007963                      0.0004918
16)     0.0008265                      0.0004366
17)     0.0007901                      0.0004816
18)     0.0007982                      0.0004245
19)     0.0008343                      0.0004742
20)     0.0008485                      0.0004464
21)     0.0008925                      0.0004786
22)     0.0008821                      0.0004798
23)     0.0008576                      0.0004792
24)     0.0008271                      0.0005118
25)     0.0008681                      0.0004388
26)     0.0007969                      0.0005125
27)     0.0008595                      0.0004356
28)     0.0008105                      0.0005
29)     0.0008236                      0.0004228
30)     0.0008178                      0.0004802
31)     0.0009244                      0.0004342
32)     0.0009347                      0.0004856
33)     0.0009125                      0.0004325
34)     0.000835                      0.0006361
35)     0.0008734                      0.0004382
36)     0.0008548                      0.000475
37)     0.0007977                      0.0005042
38)     0.0008091                      0.0004443
39)     0.0008435                      0.0005056
40)     0.0007975                      0.0004387
41)     0.0008189                      0.0005478
42)     0.0008461                      0.000442
43)     0.0008574                      0.000511
44)     0.0008252                      0.0004418
45)     0.0012168                      0.0004872
46)     0.0008223                      0.0004328
47)     0.000836                      0.0004765
48)     0.0008822                      0.0004367
49)     0.0009553                      0.000473
50)     0.0008244                      0.0004879

Test: 1

Insert: 
     혀rtesian                                  AVL
1)     0.0009871                      0.0005594
2)     0.0008298                      0.000455
3)     0.000833                      0.0004516
4)     0.0007529                      0.0005248
5)     0.0008071                      0.0004944
6)     0.0012339                      0.00045
7)     0.0007992                      0.0005159
8)     0.0010253                      0.0005659
9)     0.0010618                      0.0004683
10)     0.0008589                      0.0005086
11)     0.0007955                      0.0004885
12)     0.0008275                      0.0004457
13)     0.0007685                      0.0005031
14)     0.0009374                      0.0004965
15)     0.000841                      0.0004519
16)     0.000884                      0.0004515
17)     0.0008147                      0.0005225
18)     0.0008501                      0.0004909
19)     0.0008613                      0.0004503
20)     0.000755                      0.0005108
21)     0.0008038                      0.0005007
22)     0.0007843                      0.0004509
23)     0.0008651                      0.0004541
24)     0.0008603                      0.0005132
25)     0.0008042                      0.0004888
26)     0.0008557                      0.0004574
27)     0.0008147                      0.0005051
28)     0.000886                      0.0005089
29)     0.0011312                      0.0004492
30)     0.0008303                      0.0005061
31)     0.0008886                      0.0004889
32)     0.0008689                      0.0004453
33)     0.0009079                      0.000451
34)     0.0008075                      0.0005199
35)     0.0013089                      0.0006003
36)     0.0008746                      0.0004605
37)     0.0009319                      0.0005183
38)     0.0008991                      0.0004922
39)     0.0015904                      0.0004524
40)     0.0014954                      0.0005015
41)     0.0007823                      0.0004906
42)     0.0009724                      0.0004481
43)     0.0007712                      0.0005068
44)     0.0008282                      0.0005274
45)     0.0008769                      0.000462
46)     0.0008321                      0.0004491
47)     0.0007699                      0.0005128
48)     0.0008234                      0.0004944
49)     0.0008618                      0.0004594
50)     0.0008143                      0.0004969

Test: 2

Insert: 
     혀rtesian                                  AVL
1)     0.0007557                      0.0006856
2)     0.0008172                      0.0004611
3)     0.0008597                      0.0004727
4)     0.0012907                      0.0004594
5)     0.0008119                      0.0005056
6)     0.0009044                      0.0004946
7)     0.0008208                      0.0004991
8)     0.0008813                      0.0005327
9)     0.0007972                      0.0005184
10)     0.0007918                      0.0005299
11)     0.0008166                      0.0004647
12)     0.0008399                      0.0004692
13)     0.0009133                      0.0004623
14)     0.0008898                      0.0005089
15)     0.0009073                      0.0005027
16)     0.0008495                      0.0005731
17)     0.0008042                      0.0005326
18)     0.0008774                      0.0005335
19)     0.0009659                      0.0004666
20)     0.0008319                      0.000464
21)     0.0009831                      0.0004633
22)     0.000864                      0.0005049
23)     0.0008643                      0.0005036
24)     0.0008292                      0.0005
25)     0.0008223                      0.0005163
26)     0.0007882                      0.0005176
27)     0.0007956                      0.0005281
28)     0.0008019                      0.0004651
29)     0.0008428                      0.0004654
30)     0.0008564                      0.0004697
31)     0.0009374                      0.0005019
32)     0.0008396                      0.0005048
33)     0.0008099                      0.0005172
34)     0.0011076                      0.0005394
35)     0.0010272                      0.0005203
36)     0.0008654                      0.0004634
37)     0.0008546                      0.0004656
38)     0.0011679                      0.0004563
39)     0.0008815                      0.0005008
40)     0.0007595                      0.0005058
41)     0.0008032                      0.0005039
42)     0.0007783                      0.0005336
43)     0.0008115                      0.0005187
44)     0.0007532                      0.0005182
45)     0.0008603                      0.0004701
46)     0.0008692                      0.0004591
47)     0.0008854                      0.000459
48)     0.0008578                      0.0004955
49)     0.0008701                      0.0004974
50)     0.0008494                      0.0004954

Test: 3

Insert: 
     혀rtesian                                  AVL
1)     0.0008611                      0.0005068
2)     0.0008587                      0.0005087
3)     0.0009329                      0.000477
4)     0.0007901                      0.0004757
5)     0.0008692                      0.000479
6)     0.0008543                      0.0004664
7)     0.000833                      0.000537
8)     0.0007983                      0.0005261
9)     0.0009115                      0.0005204
10)     0.0009152                      0.0005117
11)     0.0008457                      0.0005083
12)     0.0008218                      0.0005082
13)     0.0008796                      0.0005122
14)     0.0014986                      0.0004754
15)     0.0009552                      0.0004739
16)     0.0008268                      0.0004725
17)     0.0008168                      0.0004729
18)     0.0008317                      0.0005227
19)     0.0008673                      0.0005399
20)     0.0008664                      0.0005432
21)     0.0007821                      0.0005096
22)     0.0013218                      0.0005114
23)     0.0008209                      0.0005311
24)     0.000832                      0.0004745
25)     0.000844                      0.0004769
26)     0.0009398                      0.0004761
27)     0.0008763                      0.0004739
28)     0.0008362                      0.0005452
29)     0.00093                      0.0005539
30)     0.0007776                      0.0005209
31)     0.000833                      0.0005358
32)     0.0008339                      0.0005164
33)     0.0009075                      0.0005075
34)     0.0008409                      0.0005085
35)     0.0008187                      0.0004689
36)     0.0008811                      0.0004741
37)     0.0008521                      0.0004726
38)     0.0008623                      0.0005477
39)     0.0007625                      0.0005299
40)     0.0008355                      0.0005692
41)     0.0007819                      0.0005156
42)     0.0008722                      0.00051
43)     0.0008472                      0.000514
44)     0.0008535                      0.0004713
45)     0.0008572                      0.0004834
46)     0.0014687                      0.0004724
47)     0.0008289                      0.0004709
48)     0.0008151                      0.000526
49)     0.000846                      0.0005297
50)     0.0007884                      0.0005237

Test: 4

Insert: 
     혀rtesian                                  AVL
1)     0.0009119                      0.0004801
2)     0.0008677                      0.0005231
3)     0.0008935                      0.000479
4)     0.0007956                      0.0005082
5)     0.0008406                      0.0005341
6)     0.00088                      0.0005163
7)     0.0007868                      0.0005319
8)     0.0008371                      0.000478
9)     0.0010303                      0.0005141
10)     0.0008376                      0.0004798
11)     0.0010524                      0.0005159
12)     0.0007672                      0.0005261
13)     0.0008434                      0.0005081
14)     0.0007727                      0.0005531
15)     0.000815                      0.0005163
16)     0.0011576                      0.0005318
17)     0.0008565                      0.000477
18)     0.000855                      0.0005207
19)     0.00093                      0.0004856
20)     0.0007813                      0.0005127
21)     0.0008255                      0.0005345
22)     0.0008635                      0.0005139
23)     0.0008042                      0.0005387
24)     0.0008334                      0.0004761
25)     0.001264                      0.0005282
26)     0.0015411                      0.0004688
27)     0.0008933                      0.0005145
28)     0.0010412                      0.0004809
29)     0.0008011                      0.0005153
30)     0.0008365                      0.0005341
31)     0.0008686                      0.0005103
32)     0.0007628                      0.0005798
33)     0.0008667                      0.0004747
34)     0.0011343                      0.0005112
35)     0.0014357                      0.0004712
36)     0.0007769                      0.0005392
37)     0.0007938                      0.0005374
38)     0.0008511                      0.000472
39)     0.0008189                      0.0005363
40)     0.0008299                      0.0004758
41)     0.0008191                      0.0005137
42)     0.0008868                      0.0004801
43)     0.0013322                      0.0006055
44)     0.0010256                      0.0008332
45)     0.0008857                      0.0004802
46)     0.0007945                      0.0005573
47)     0.0007811                      0.0004783
48)     0.0008306                      0.0005126
49)     0.0009083                      0.0004787
50)     0.0008819                      0.0005125

Test: 5

Insert: 
     혀rtesian                                  AVL
1)     0.0008971                      0.0004782
2)     0.0008291                      0.0005138
3)     0.0011855                      0.0006663
4)     0.0009088                      0.0005162
5)     0.0008364                      0.0005446
6)     0.0008267                      0.0005255
7)     0.0007671                      0.0005349
8)     0.0009094                      0.0005174
9)     0.0007607                      0.0005402
10)     0.0008199                      0.00052
11)     0.0007629                      0.0005328
12)     0.0007895                      0.0004837
13)     0.0007883                      0.0005402
14)     0.0008972                      0.0004699
15)     0.0007939                      0.0005387
16)     0.0008348                      0.0004761
17)     0.0009114                      0.0005154
18)     0.0012341                      0.0004848
19)     0.0012567                      0.0005203
20)     0.0008656                      0.0004864
21)     0.0012526                      0.0005131
22)     0.0007943                      0.0005595
23)     0.0008477                      0.0004994
24)     0.0007774                      0.0005265
25)     0.000901                      0.000516
26)     0.0008331                      0.0005431
27)     0.0015417                      0.0004739
28)     0.0007476                      0.000533
29)     0.0008762                      0.0004791
30)     0.0007442                      0.0005367
31)     0.0007918                      0.0004604
32)     0.0008848                      0.000558
33)     0.0008153                      0.0004879
34)     0.0008478                      0.0005329
35)     0.0008802                      0.0004851
36)     0.0008635                      0.0005449
37)     0.0008163                      0.0005179
38)     0.0007634                      0.0005492
39)     0.0008449                      0.0004793
40)     0.0008502                      0.000541
41)     0.0009668                      0.0004838
42)     0.0008988                      0.0005434
43)     0.0009711                      0.0004847

Test: 0

Insert: 
     혀rtesian                                  AVL
1)     0.0009058                      0.0004807
2)     0.0008622                      0.0004216
3)     0.0008351                      0.0004846
4)     0.0009282                      0.0004392
5)     0.000869                      0.0004777
6)     0.0008191                      0.0004375
7)     0.0011729                      0.0004904
8)     0.0008441                      0.0004375
9)     0.0007845                      0.0004783
10)     0.000814                      0.0005043
11)     0.0008195                      0.0004989
12)     0.0011018                      0.0005053
13)     0.0011324                      0.0004451
14)     0.0007881                      0.0005019
15)     0.000874                      0.0004364
16)     0.0008207                      0.0004936
17)     0.0008503                      0.0004374
18)     0.0009916                      0.0004777
19)     0.0008796                      0.0004453
20)     0.0009134                      0.0004683
21)     0.0008351                      0.0004141
22)     0.0008356                      0.0004781
23)     0.0008539                      0.0004407
24)     0.0010122                      0.0005146
25)     0.0007938                      0.0004919
26)     0.0008392                      0.0004877
27)     0.0008179                      0.000494
28)     0.0008041                      0.0004352
29)     0.0008203                      0.0005051
30)     0.0012758                      0.0004434
31)     0.0013298                      0.0004973
32)     0.0010477                      0.0004336
33)     0.0009394                      0.0004718
34)     0.0008682                      0.0004432
35)     0.0009424                      0.0004743
36)     0.0008359                      0.0004384
37)     0.0008226                      0.0004798
38)     0.0008472                      0.0004824
39)     0.0008015                      0.000441
40)     0.0008135                      0.0004864
41)     0.0008579                      0.0004448
42)     0.0008082                      0.0004859
43)     0.0008463                      0.0004343
44)     0.0007716                      0.0004925
45)     0.0014652                      0.0004395
46)     0.0008635                      0.0004854
47)     0.0008147                      0.0004377
48)     0.0009898                      0.0005015
49)     0.0008418                      0.0004398
50)     0.0008403                      0.0004767

Test: 1

Insert: 
     혀rtesian                                  AVL
1)     0.0008588                      0.0004558
2)     0.0008056                      0.0004938
3)     0.0008066                      0.0004928
4)     0.000838                      0.0004566
5)     0.0008502                      0.0004535
6)     0.000801                      0.0004784
7)     0.0010432                      0.000494
8)     0.000895                      0.0004466
9)     0.0008538                      0.0005141
10)     0.0008684                      0.0004887
11)     0.0014295                      0.000442
12)     0.0008444                      0.0005314
13)     0.0007973                      0.0004836
14)     0.0008076                      0.0004486
15)     0.0009497                      0.0004969
16)     0.0008423                      0.0004859
17)     0.0013504                      0.0004532
18)     0.0010252                      0.0004518
19)     0.0008398                      0.0005534
20)     0.0008857                      0.0004864
21)     0.0007958                      0.0004456
22)     0.000835                      0.0005082
23)     0.0008731                      0.0004866
24)     0.0008248                      0.000454
25)     0.0008294                      0.0005984
26)     0.0009262                      0.0004999
27)     0.000966                      0.0004781
28)     0.0008393                      0.0004564
29)     0.000823                      0.0006025
30)     0.0008836                      0.000511
31)     0.0018123                      0.0004557
32)     0.0007669                      0.0005322
33)     0.0008567                      0.000483
34)     0.0008153                      0.0004575
35)     0.0012958                      0.0005119
36)     0.0008933                      0.0004854
37)     0.000812                      0.000438
38)     0.0008206                      0.0004484
39)     0.0007871                      0.00051
40)     0.0008111                      0.0004853
41)     0.000895                      0.0004531
42)     0.0008811                      0.0005086
43)     0.0008282                      0.0004947
44)     0.0009503                      0.0004521
45)     0.0011248                      0.0005093
46)     0.0007801                      0.00049
47)     0.0008443                      0.0004502
48)     0.0008515                      0.0004483
49)     0.0010034                      0.0005111
50)     0.0009225                      0.0004941

Test: 2

Insert: 
     혀rtesian                                  AVL
1)     0.0008614                      0.0004954
2)     0.0008189                      0.0005053
3)     0.0008939                      0.000513
4)     0.0007993                      0.000531
5)     0.000829                      0.0005285
6)     0.0008747                      0.0004704
7)     0.0008969                      0.000467
8)     0.000853                      0.0004682
9)     0.0009158                      0.0004998
10)     0.0008547                      0.0005017
11)     0.0008152                      0.0004915
12)     0.0007446                      0.0005185
13)     0.0008334                      0.0005154
14)     0.0007754                      0.0005189
15)     0.0009378                      0.0004682
16)     0.0009154                      0.0004641
17)     0.0008182                      0.0004972
18)     0.000889                      0.000502
19)     0.0008249                      0.0005014
20)     0.0007819                      0.0005206
21)     0.0012404                      0.0006345
22)     0.0008382                      0.0005144
23)     0.0008775                      0.0004616
24)     0.0008256                      0.000471
25)     0.0008654                      0.0004673
26)     0.0008349                      0.0005211
27)     0.0010248                      0.000508
28)     0.0013602                      0.0006035
29)     0.0009172                      0.00053
30)     0.0007967                      0.0005452
31)     0.0008378                      0.0004592
32)     0.0008154                      0.0004609
33)     0.0008512                      0.0004637
34)     0.0008359                      0.0005094
35)     0.0007847                      0.0005005
36)     0.0009833                      0.000486
37)     0.0010193                      0.0005202
38)     0.0007877                      0.0005676

Test: 0

Insert: 
     혀rtesian                                  AVL
1)     0.0009721                      0.0004736
2)     0.0011983                      0.0004819
3)     0.0008977                      0.0004323
4)     0.0008541                      0.0004761
5)     0.0007723                      0.0004921
6)     0.0008762                      0.0005142
7)     0.0007717                      0.0005016
8)     0.0008715                      0.0004456
9)     0.0008334                      0.0005047
10)     0.0009398                      0.0004362
11)     0.0008044                      0.0004947
12)     0.0009965                      0.0004312
13)     0.0008582                      0.0004813
14)     0.0008755                      0.000438
15)     0.0008135                      0.0005195
16)     0.0010882                      0.0004415
17)     0.000892                      0.0004816
18)     0.0009038                      0.000445
19)     0.0010894                      0.0004762
20)     0.0008393                      0.0004821
21)     0.0009291                      0.0004389
22)     0.0008222                      0.000485
23)     0.0010533                      0.0004295
24)     0.0008303                      0.000823
25)     0.0010905                      0.000433
26)     0.0007952                      0.0004993
27)     0.0009015                      0.0004385
28)     0.0008853                      0.0004807
29)     0.0008258                      0.0004422
30)     0.001208                      0.0004713
31)     0.0008232                      0.000432
32)     0.0008567                      0.0004704
33)     0.0009516                      0.0004896
34)     0.000819                      0.0004327
35)     0.0008466                      0.000486
36)     0.0010405                      0.0004323
37)     0.000733                      0.0004901
38)     0.000852                      0.0004486
39)     0.0008574                      0.0004907
40)     0.0011416                      0.0004407
41)     0.0008843                      0.0004719
42)     0.0008559                      0.0004371
43)     0.000887                      0.0004722
44)     0.0009093                      0.000443
45)     0.000801                      0.0004781
46)     0.0008442                      0.0004893
47)     0.0008332                      0.0004703
48)     0.0008354                      0.0004863
49)     0.0008501                      0.0004397
50)     0.0007415                      0.0004953

Test: 1

Insert: 
     혀rtesian                                  AVL
1)     0.0007967                      0.0004839
2)     0.000892                      0.0004518
3)     0.0007926                      0.0005191
4)     0.0008681                      0.0004876
5)     0.0010336                      0.0004507
6)     0.0008802                      0.0004467
7)     0.0007846                      0.0005038
8)     0.0008638                      0.0005308
9)     0.0010041                      0.0004496
10)     0.0012896                      0.0005149
11)     0.0008792                      0.0004972
12)     0.0008681                      0.0004514
13)     0.0007929                      0.000518
14)     0.0014982                      0.0005142
15)     0.0008853                      0.0004535
16)     0.0007805                      0.0005247
17)     0.000769                      0.0004892
18)     0.0009597                      0.0004603
19)     0.0018082                      0.0007106
20)     0.0008217                      0.0005065
21)     0.0008156                      0.0004962
22)     0.0008358                      0.0004496
23)     0.0008685                      0.0005105
24)     0.0008061                      0.000492
25)     0.0008677                      0.0004565
26)     0.0007591                      0.000531
27)     0.000861                      0.0004865
28)     0.0008216                      0.0004882
29)     0.000997                      0.0004541
30)     0.000779                      0.000513
31)     0.0008643                      0.0005274
32)     0.0009014                      0.0004418
33)     0.0007922                      0.0005074
34)     0.0008325                      0.0004941
35)     0.0008791                      0.0004572
36)     0.0007619                      0.0005069
37)     0.0009184                      0.0004976
38)     0.0008186                      0.0004497
39)     0.0009467                      0.0004546
40)     0.0008271                      0.000525
41)     0.0008882                      0.0005167
42)     0.0013724                      0.0004618
43)     0.0008448                      0.0005156
44)     0.0008978                      0.0005041
45)     0.0008806                      0.0004563
46)     0.000875                      0.0005125
47)     0.0009396                      0.0005094
48)     0.0008677                      0.0004615
49)     0.0008516                      0.0004561
50)     0.0013033                      0.0005148

Test: 2

Insert: 
     혀rtesian                                  AVL
1)     0.0007462                      0.0005214
2)     0.0008193                      0.0005316
3)     0.0008375                      0.0004674
4)     0.0009429                      0.0004615
5)     0.0008684                      0.0004921
6)     0.0008162                      0.0004972
7)     0.0008791                      0.0005009
8)     0.0008249                      0.0005103
9)     0.0007723                      0.0005185
10)     0.0007633                      0.0005187
11)     0.0007863                      0.0005286
12)     0.0013737                      0.0004614
13)     0.0007946                      0.0004622
14)     0.0008228                      0.0004619
15)     0.0008679                      0.0005045
16)     0.00139                      0.0005047
17)     0.000868                      0.0005395
18)     0.0008118                      0.0005467
19)     0.0008608                      0.000531
20)     0.0008213                      0.0004572
21)     0.0008108                      0.0004715
22)     0.0009259                      0.0004708
23)     0.001499                      0.0005134
24)     0.0008443                      0.0005047
25)     0.0009449                      0.0006782
26)     0.0008369                      0.000508
27)     0.0008293                      0.0005221
28)     0.000858                      0.000466
29)     0.0008736                      0.000458
30)     0.0008641                      0.0004728
31)     0.0008225                      0.0005043
32)     0.0008644                      0.0005005
33)     0.0008354                      0.0005027
34)     0.0008235                      0.0005832
35)     0.0008513                      0.0005295
36)     0.0008702                      0.0005386
37)     0.0009801                      0.0004652
38)     0.0008688                      0.0004621
39)     0.0009341                      0.000467
40)     0.0010021                      0.0005205
41)     0.0008994                      0.0005114
42)     0.0014035                      0.0005039
43)     0.0008285                      0.0005293
44)     0.0008007                      0.000513
45)     0.0011518                      0.0005155
46)     0.0008066                      0.0004617
47)     0.0008561                      0.0004512
48)     0.0008258                      0.0004615
49)     0.0008455                      0.0005086
50)     0.0011635                      0.0005173

Test: 3

Insert: 
     혀rtesian                                  AVL
1)     0.0009225                      0.0004756
2)     0.0008057                      0.0004769
3)     0.0008688                      0.0004797
4)     0.0012709                      0.0005396
5)     0.0007965                      0.0005467
6)     0.0008015                      0.0005385
7)     0.0008122                      0.0005277
8)     0.0008429                      0.0005171
9)     0.00084                      0.0005141
10)     0.0008571                      0.0005107
11)     0.000782                      0.0005118
12)     0.0008253                      0.0004783
13)     0.000849                      0.0004642
14)     0.0008685                      0.0004785
15)     0.0008303                      0.0005422
16)     0.0008425                      0.0006663
17)     0.0007663                      0.0005272
18)     0.0008667                      0.0005261
19)     0.0008226                      0.00052
20)     0.0012725                      0.0005131
21)     0.0008797                      0.0004768
22)     0.0009299                      0.0004734
23)     0.0009443                      0.000464
24)     0.0008013                      0.0005271
25)     0.0008777                      0.0005457
26)     0.000797                      0.0005318
27)     0.0009398                      0.0005272
28)     0.0009345                      0.0005356
29)     0.0008746                      0.0005087
30)     0.0009606                      0.0004708
31)     0.0009763                      0.0004703
32)     0.0008198                      0.0004777
33)     0.0008178                      0.0005626
34)     0.0008466                      0.0005417
35)     0.0009482                      0.0005381
36)     0.0008262                      0.0005445
37)     0.0008887                      0.0005186
38)     0.0009078                      0.0005057
39)     0.0008985                      0.0005094
40)     0.0009804                      0.000517
41)     0.0008002                      0.0004728
42)     0.0008489                      0.0004807
43)     0.0008768                      0.0004533
44)     0.0007708                      0.0005287
45)     0.0008152                      0.0005363
46)     0.0008354                      0.0005573
47)     0.0008639                      0.0005284
48)     0.0011456                      0.0005105
49)     0.0008305                      0.0005264
50)     0.0008927                      0.0005126

Test: 4

Insert: 
     혀rtesian                                  AVL
1)     0.0009871                      0.0005147
2)     0.0008742                      0.0004828
3)     0.0008005                      0.0005127
4)     0.0008011                      0.0004854
5)     0.0008982                      0.0005178
6)     0.000823                      0.0004806
7)     0.0012789                      0.0005055
8)     0.0010437                      0.0007692
9)     0.0007938                      0.0005131
10)     0.0008983                      0.0005438
11)     0.0008498                      0.0004816
12)     0.0009157                      0.0005218
13)     0.0008457                      0.0004674
14)     0.0008411                      0.0005185
15)     0.0008036                      0.0005297
16)     0.0009194                      0.000519
17)     0.0008726                      0.0005305
18)     0.0008226                      0.0004764
19)     0.0008397                      0.0005358
20)     0.0008232                      0.0004764
21)     0.0007692                      0.000525
22)     0.000836                      0.0005463
23)     0.0008543                      0.0005274
24)     0.0008252                      0.0005944
25)     0.000949                      0.0006081
26)     0.0007646                      0.0005416
27)     0.0008119                      0.0004712
28)     0.0008389                      0.0005422
29)     0.0009876                      0.0004829
30)     0.0007854                      0.0005149
31)     0.0008329                      0.000485
32)     0.0008684                      0.0005246
33)     0.0007875                      0.0005372
34)     0.0008166                      0.0005147
35)     0.0009833                      0.0005242
36)     0.0008667                      0.0004731
37)     0.0010316                      0.0005298
38)     0.0008253                      0.0004774
39)     0.0008558                      0.000517
40)     0.0008489                      0.0004773
41)     0.0008827                      0.0005181
42)     0.0009181                      0.0004798
43)     0.0009104                      0.0005204
44)     0.0008028                      0.0005503
45)     0.0009102                      0.0005141
46)     0.0008625                      0.0005388
47)     0.0010235                      0.0004763
48)     0.0009091                      0.0005192
49)     0.0008585                      0.000486
50)     0.0008324                      0.0005258

Test: 5

Insert: 
     혀rtesian                                  AVL
1)     0.0008496                      0.0005387
2)     0.0008181                      0.0005293
3)     0.0008178                      0.000533
4)     0.0008253                      0.0005215
5)     0.0008269                      0.000537
6)     0.0009017                      0.0005236
7)     0.0007736                      0.000545
8)     0.0008795                      0.0005219
9)     0.0008076                      0.0005534
10)     0.0008382                      0.0004832
11)     0.0008005                      0.0005455
12)     0.0010903                      0.0005301
13)     0.0007835                      0.0005323
14)     0.000951                      0.0004628
15)     0.0008904                      0.0005328
16)     0.0008944                      0.000483
17)     0.0014195                      0.0005258
18)     0.0008011                      0.0005373
19)     0.0009267                      0.0005177
20)     0.0008337                      0.0005378
21)     0.0009576                      0.0005688
22)     0.0007931                      0.0005387
23)     0.0008298                      0.0004788
24)     0.000805                      0.0005813
25)     0.00089                      0.0009918
26)     0.0008112                      0.0005362
27)     0.0008596                      0.0004769
28)     0.000821                      0.0005285
29)     0.0010307                      0.0004861
30)     0.0008584                      0.0005439
31)     0.0009131                      0.000476
32)     0.0009222                      0.0005279
33)     0.0013403                      0.0004855
34)     0.0008941                      0.000514
35)     0.0008154                      0.000485
36)     0.0009026                      0.0005273
37)     0.0007952                      0.0004791
38)     0.0009786                      0.0005262
39)     0.0014222                      0.0004883
40)     0.000853                      0.0005269
41)     0.0008758                      0.0004852
42)     0.0008664                      0.0005289
43)     0.000991                      0.0004839
44)     0.0013934                      0.000523
45)     0.0008795                      0.0005377
46)     0.0008537                      0.0005376
47)     0.0009123                      0.0004772
48)     0.0008487                      0.0005184
49)     0.0008408                      0.0004886
50)     0.0008161                      0.0005223

Test: 6

Insert: 
     혀rtesian                                  AVL
1)     0.0007868                      0.0005345
2)     0.0008367                      0.0004837
3)     0.0013865                      0.0005111
4)     0.0008416                      0.0005256
5)     0.0007724                      0.0005492
6)     0.0015338                      0.0004784
7)     0.0009081                      0.00048
8)     0.000804                      0.0005342
9)     0.0008066                      0.0005503
10)     0.0008967                      0.0004823
11)     0.000917                      0.0004894
12)     0.0008421                      0.0005141
13)     0.0008348                      0.0005229
14)     0.000774                      0.0005337
15)     0.0008608                      0.0004899
16)     0.0012871                      0.0005191
17)     0.0008057                      0.0005264
18)     0.0013303                      0.000536
19)     0.0008718                      0.0004782
20)     0.000877                      0.0005143
21)     0.0008547                      0.0005223
22)     0.0007956                      0.0005514
23)     0.0008932                      0.0004868
24)     0.0012121                      0.0005221
25)     0.0007883                      0.0005258
26)     0.0007798                      0.0005365
27)     0.0010869                      0.0004764
28)     0.0009209                      0.0005305
29)     0.0008432                      0.000517
30)     0.0008893                      0.0005537
31)     0.0008412                      0.0004874
32)     0.0008434                      0.0004783
33)     0.0009066                      0.0005225
34)     0.0008355                      0.0005178
35)     0.0008054                      0.0005485
36)     0.000888                      0.0004915
37)     0.0011062                      0.0005145
38)     0.0008019                      0.0005792
39)     0.0007647                      0.0005493
40)     0.0008039                      0.0005448
41)     0.0009421                      0.0004875
42)     0.0008878                      0.0005221
43)     0.0014275                      0.0005205
44)     0.0008174                      0.0005742
45)     0.000853                      0.0004777
46)     0.0008637                      0.0005339
47)     0.0008393                      0.0005112
48)     0.0007761                      0.000542
49)     0.0008429                      0.0004807
50)     0.0009327                      0.0005249

Test: 7

Insert: 
     혀rtesian                                  AVL
1)     0.0007182                      0.0005495
2)     0.0008835                      0.0005578
3)     0.0009829                      0.0004832
4)     0.0007818                      0.0005642
5)     0.000863                      0.0005443
6)     0.0008745                      0.0004887
7)     0.0011856                      0.0006558
8)     0.0008146                      0.0004833
9)     0.0007476                      0.0005703
10)     0.0008849                      0.0005248
11)     0.0008539                      0.0004872
12)     0.000854                      0.0005272
13)     0.0008054                      0.0005514
14)     0.0007885                      0.0005475
15)     0.000913                      0.0005285
16)     0.0009407                      0.0004795
17)     0.000827                      0.0005482
18)     0.0011105                      0.0005221
19)     0.0008143                      0.0005489
20)     0.0008295                      0.0005311
21)     0.0008644                      0.0004805
22)     0.0007847                      0.0005685
23)     0.0007927                      0.0005296
24)     0.0014622                      0.0004792
25)     0.0008368                      0.0005254
26)     0.0008736                      0.0004786
27)     0.0007863                      0.000563
28)     0.0008771                      0.0005251
29)     0.0008698                      0.0004793
30)     0.0008074                      0.0005649
31)     0.0008654                      0.0005301
32)     0.0008537                      0.0005588
33)     0.0013362                      0.0005273
34)     0.0008612                      0.0004879
35)     0.000805                      0.000581
36)     0.000882                      0.0005372
37)     0.0009234                      0.0004816
38)     0.0008541                      0.0005197
39)     0.0008216                      0.0005223
40)     0.0009143                      0.0005441
41)     0.000843                      0.0005274
42)     0.0008265                      0.0004755
43)     0.0012858                      0.0005957
44)     0.0008483                      0.0005303
45)     0.000857                      0.0004807
46)     0.0008142                      0.0005268
47)     0.0008954                      0.0004821
48)     0.0012102                      0.0006524
49)     0.0008543                      0.0005208

Test: 0

Insert: 
     혀rtesian                                  AVL
1)     0.0008609                      0.0005145
2)     0.0009683                      0.0005774
3)     0.0010343                      0.0004536
4)     0.0008591                      0.0004886
5)     0.0007852                      0.0004932
6)     0.0013032                      0.0007833
7)     0.0008509                      0.0005235
8)     0.0008942                      0.0004395
9)     0.0008669                      0.0005275
10)     0.0010214                      0.0004537
11)     0.0008052                      0.0005255
12)     0.0008889                      0.0004392
13)     0.0008983                      0.0005073
14)     0.0010348                      0.0004439
15)     0.0008592                      0.0005119
16)     0.0008243                      0.0004495
17)     0.0009778                      0.0004914
18)     0.0007503                      0.0005106
19)     0.0009236                      0.0005077
20)     0.0008036                      0.0005157
21)     0.0008196                      0.0004539
22)     0.0008638                      0.0005269
23)     0.0010196                      0.0004619
24)     0.0008175                      0.0005054
25)     0.0009054                      0.0004445
26)     0.0008241                      0.0005257
27)     0.0008556                      0.0004477
28)     0.0008743                      0.000492
29)     0.0008908                      0.0004484
30)     0.0009826                      0.0005068
31)     0.0008431                      0.0004414
32)     0.0009075                      0.0004842
33)     0.0008898                      0.0005083
34)     0.0009452                      0.0004445
35)     0.0007717                      0.0005147
36)     0.000894                      0.0004422
37)     0.0009281                      0.0005284
38)     0.0009305                      0.0004435
39)     0.0008764                      0.0005138
40)     0.0009084                      0.0004555
41)     0.0008603                      0.0004941
42)     0.0008687                      0.0004333
43)     0.0008525                      0.0004849
44)     0.0010138                      0.0004454
45)     0.0008437                      0.0004872
46)     0.0009341                      0.0004425
47)     0.0008741                      0.0004954
48)     0.0008515                      0.0005051
49)     0.0008794                      0.0004548
50)     0.0008283                      0.0005195

Test: 1

Insert: 
     혀rtesian                                  AVL
1)     0.0008707                      0.0005242
2)     0.0008798                      0.0004554
3)     0.000806                      0.0005163
4)     0.000886                      0.0004978
5)     0.0010104                      0.0004622
6)     0.0008567                      0.0004639
7)     0.0008665                      0.000513
8)     0.0009189                      0.0005025
9)     0.000935                      0.0004734
10)     0.0008388                      0.0005344
11)     0.0008774                      0.0005118
12)     0.0008648                      0.0004609
13)     0.0009315                      0.0005341
14)     0.0008584                      0.0005047
15)     0.0009337                      0.0004664
16)     0.0013303                      0.0008535
17)     0.0008726                      0.0005094
18)     0.0009583                      0.0004621
19)     0.0009006                      0.0004684
20)     0.0008666                      0.0005038
21)     0.0009392                      0.0004975
22)     0.0009436                      0.0004687
23)     0.0008526                      0.0005283
24)     0.0008692                      0.0005087
25)     0.0008786                      0.0004598
26)     0.0011834                      0.000569
27)     0.0009205                      0.0005011
28)     0.0009106                      0.0004582
29)     0.0007968                      0.0005259
30)     0.0008726                      0.0005021
31)     0.0011507                      0.0004737
32)     0.0009054                      0.0004531
33)     0.0008183                      0.0005355
34)     0.0008688                      0.0005145
35)     0.0009001                      0.0004652
36)     0.0008608                      0.000531
37)     0.0008381                      0.0005048
38)     0.0008977                      0.0004568
39)     0.0008177                      0.0004529
40)     0.0012386                      0.0008793
41)     0.0012969                      0.0007817
42)     0.0012194                      0.0005511
43)     0.0008226                      0.0005573
44)     0.0008524                      0.0005162
45)     0.0008201                      0.0004598
46)     0.0008057                      0.0005292
47)     0.0008689                      0.0005154
48)     0.0008454                      0.0004519
49)     0.0008423                      0.0005502
50)     0.0008604                      0.0005175

Test: 2

Insert: 
     혀rtesian                                  AVL
1)     0.0008439                      0.0005513
2)     0.0008884                      0.000557
3)     0.0009753                      0.0005189
4)     0.000915                      0.0004758
5)     0.0009825                      0.0004737
6)     0.0008409                      0.0004708
7)     0.0010618                      0.0005245
8)     0.0008883                      0.0005106
9)     0.0008399                      0.0005462
10)     0.0011923                      0.0007964
11)     0.0007886                      0.0005363
12)     0.0012307                      0.0004694
13)     0.0008867                      0.0004704
14)     0.0009351                      0.0004733
15)     0.0009682                      0.00052
16)     0.0008579                      0.0005184
17)     0.0008757                      0.0005151
18)     0.0007939                      0.0005607
19)     0.0007906                      0.0005388
20)     0.0008215                      0.0005332
21)     0.0008707                      0.0004696
22)     0.0008129                      0.0004691
23)     0.0008598                      0.0004665
24)     0.0008111                      0.0005225
25)     0.0009957                      0.0005128
26)     0.0008473                      0.0005077
27)     0.0007883                      0.0005306
28)     0.0007998                      0.0005563
29)     0.0009427                      0.0007668
30)     0.000903                      0.0004686
31)     0.0009389                      0.0004781
32)     0.0008554                      0.000518
33)     0.0009304                      0.0005171
34)     0.0009117                      0.0005387
35)     0.0008193                      0.0005517
36)     0.0008056                      0.0005464
37)     0.0008744                      0.0004762
38)     0.0008724                      0.0004759
39)     0.0008971                      0.0004797
40)     0.0008372                      0.0005172
41)     0.0008846                      0.0005105
42)     0.000826                      0.0005089
43)     0.0008628                      0.0005341
44)     0.0007551                      0.0005275
45)     0.000821                      0.0005305
46)     0.0008937                      0.000471
47)     0.0008527                      0.0004595
48)     0.0010312                      0.0004755
49)     0.0010181                      0.0005307
50)     0.0008431                      0.000509

Test: 3

Insert: 
     혀rtesian                                  AVL
1)     0.0008667                      0.0005384
2)     0.0008745                      0.0004774
3)     0.000883                      0.0004736
4)     0.0008813                      0.0004713
5)     0.0008539                      0.0004774
6)     0.0011151                      0.0004785

Test: 0

Insert: 
     혀rtesian                                  AVL
1)     0.000856                      0.0004716
2)     0.000795                      0.0005265
3)     0.0008573                      0.0004434
4)     0.000796                      0.0004775
5)     0.0009943                      0.000514
6)     0.0008022                      0.0004447
7)     0.0007913                      0.0004966
8)     0.0009147                      0.0004343
9)     0.0007867                      0.0004941
10)     0.0009335                      0.0004425
11)     0.0008495                      0.0005197
12)     0.0008616                      0.0004397
13)     0.0008786                      0.0004856
14)     0.0009156                      0.0004445
15)     0.0008691                      0.0004853
16)     0.0009593                      0.0004487
17)     0.0008647                      0.0004782
18)     0.0009149                      0.000434
19)     0.0009747                      0.000475
20)     0.0010339                      0.0004952
21)     0.0009301                      0.0004422
22)     0.0013351                      0.0005132
23)     0.0008275                      0.0004461
24)     0.0008063                      0.0005049
25)     0.0008083                      0.0004448
26)     0.0008968                      0.0005053
27)     0.0009997                      0.0004508
28)     0.0008536                      0.0004981
29)     0.0008689                      0.0004377
30)     0.0010606                      0.0004847
31)     0.0011147                      0.0004469
32)     0.000894                      0.0004886
33)     0.0008344                      0.0004827
34)     0.0008355                      0.0004509
35)     0.0010077                      0.0005052
36)     0.0008464                      0.0004414
37)     0.0008397                      0.0004987
38)     0.0009956                      0.0004476
39)     0.0008599                      0.0004934
40)     0.0008861                      0.000454
41)     0.0010309                      0.0004751
42)     0.0008543                      0.0004448
43)     0.001198                      0.0004992
44)     0.0008694                      0.0004361
45)     0.0008136                      0.0004867
46)     0.0008299                      0.0004986
47)     0.0015541                      0.0004891
48)     0.0008361                      0.0005052
49)     0.001247                      0.0004497
50)     0.0007766                      0.0004931

Test: 1

Insert: 
     혀rtesian                                  AVL
1)     0.0008197                      0.0005198
2)     0.0008574                      0.0004563
3)     0.0007931                      0.000508
4)     0.0009674                      0.0005012
5)     0.0009166                      0.0004564
6)     0.000964                      0.0005058
7)     0.0008692                      0.0005237
8)     0.0010612                      0.0004969
9)     0.0008338                      0.0004653
10)     0.0008083                      0.0005164
11)     0.0008421                      0.000541
12)     0.0008762                      0.0004626
13)     0.000815                      0.000504
14)     0.0008845                      0.0005546
15)     0.0008795                      0.0004586
16)     0.0008565                      0.0005233
17)     0.0010259                      0.0004872
18)     0.0007845                      0.0004654
19)     0.0008682                      0.0004577
20)     0.0007667                      0.0005276
21)     0.0008807                      0.0004818
22)     0.0008575                      0.000456
23)     0.0008303                      0.0005103
24)     0.0009028                      0.000488
25)     0.0008296                      0.0004534
26)     0.0008034                      0.0005159
27)     0.0016671                      0.0004907
28)     0.0008479                      0.0004568
29)     0.0009084                      0.0004491
30)     0.0013229                      0.0004984
31)     0.0009415                      0.0004965
32)     0.0008753                      0.0004547
33)     0.0011513                      0.0007271
34)     0.0008557                      0.0004941
35)     0.0008306                      0.0004524
36)     0.0007842                      0.0004998
37)     0.0008853                      0.0004902
38)     0.0008832                      0.0004541
39)     0.0011087                      0.000506
40)     0.0007774                      0.0005013
41)     0.0014663                      0.000454
42)     0.000871                      0.0004519
43)     0.0008044                      0.0005186
44)     0.0008069                      0.0004894
45)     0.0011594                      0.0007446
46)     0.0007828                      0.0005194
47)     0.0010838                      0.0005248
48)     0.001018                      0.0004617
49)     0.0007761                      0.0004966
50)     0.000794                      0.0005007

Test: 2

Insert: 
     혀rtesian                                  AVL
1)     0.0008491                      0.0005332
2)     0.0012918                      0.0005111
3)     0.0007878                      0.0004748
4)     0.000855                      0.0004719
5)     0.000781                      0.0004644
6)     0.0008286                      0.0004652
7)     0.0008571                      0.0005011
8)     0.0016728                      0.0005176
9)     0.000844                      0.0005026
10)     0.0007672                      0.0005223
11)     0.0008365                      0.0005146
12)     0.0008207                      0.0004668
13)     0.0008742                      0.0004636
14)     0.0008647                      0.0004606
15)     0.0010004                      0.0004633
16)     0.0008641                      0.0005026
17)     0.0008711                      0.0005011
18)     0.000849                      0.0005036
19)     0.0007695                      0.0005187
20)     0.0008499                      0.0005081
21)     0.0008688                      0.0004684
22)     0.0008453                      0.0004669
23)     0.0009731                      0.0004619
24)     0.0008622                      0.0005037
25)     0.0008506                      0.000504
26)     0.0008329                      0.0004989
27)     0.000843                      0.0005004
28)     0.0008035                      0.0005115
29)     0.0008565                      0.0005184
30)     0.0008321                      0.0004647
31)     0.0015979                      0.0004644
32)     0.0008482                      0.0004669
33)     0.0008298                      0.0004971
34)     0.0009494                      0.0005518
35)     0.0010485                      0.0005349
36)     0.0009435                      0.000505
37)     0.0008314                      0.0005256
38)     0.0008062                      0.0005151
39)     0.0008219                      0.0004609
40)     0.0008999                      0.0005018
41)     0.0008343                      0.0004576
42)     0.000838                      0.0005167
43)     0.0008235                      0.0005398
44)     0.0008385                      0.0005247
45)     0.0008219                      0.0005476
46)     0.0007786                      0.0005199
47)     0.000856                      0.0004701
48)     0.0011718                      0.0004542
49)     0.000829                      0.0004615
50)     0.0008931                      0.0005077

Test: 3

Insert: 
     혀rtesian                                  AVL
1)     0.0008415                      0.0004693
2)     0.0010012                      0.0004786
3)     0.0008983                      0.0004662
4)     0.001031                      0.0004708
5)     0.0008942                      0.0005165
6)     0.0010385                      0.0005364
7)     0.0008631                      0.0005358
8)     0.0008295                      0.0005043
9)     0.001124                      0.0005153
10)     0.0007949                      0.0005074
11)     0.0009053                      0.0005221
12)     0.0008144                      0.0004791
13)     0.0008288                      0.0004696
14)     0.0008784                      0.0004618
15)     0.0008508                      0.0005233
16)     0.0008515                      0.0005229
17)     0.0008066                      0.0005373
18)     0.0008665                      0.0005053
19)     0.000937                      0.0005088
20)     0.0008229                      0.0005443
21)     0.0008503                      0.0005017
22)     0.0008258                      0.0004726
23)     0.0008483                      0.000476
24)     0.0008118                      0.0004685
25)     0.000769                      0.0005177
26)     0.0008437                      0.0005285
27)     0.000885                      0.0005267
28)     0.0009343                      0.0005128
29)     0.0008613                      0.0005107
30)     0.0008716                      0.0005109
31)     0.0008862                      0.0004712
32)     0.000886                      0.0004721
33)     0.0008621                      0.0004733
34)     0.0008294                      0.0004702
35)     0.0008825                      0.0005279
36)     0.0010682                      0.0005314
37)     0.0007869                      0.0005196
38)     0.0008141                      0.0005057
39)     0.0009157                      0.0005031
40)     0.000809                      0.0005103
41)     0.0008581                      0.0005089
42)     0.0008247                      0.00052
43)     0.0008432                      0.0004705
44)     0.0008635                      0.0004693
45)     0.0008035                      0.0005412
46)     0.0008229                      0.0005407
47)     0.0007841                      0.0005588
48)     0.0007839                      0.0005325
49)     0.000831                      0.0005055
50)     0.0009327                      0.0005077

Test: 4

Insert: 
     혀rtesian                                  AVL
1)     0.0007749                      0.0005299
2)     0.0009365                      0.0005214
3)     0.0009219                      0.0008279
4)     0.0008567                      0.0004993
5)     0.0009325                      0.0005281
6)     0.000801                      0.0004747
7)     0.0008489                      0.0005282
8)     0.0008372                      0.0005327
9)     0.0008123                      0.0005127
10)     0.0008243                      0.0005299
11)     0.0008668                      0.0004822
12)     0.0008196                      0.0005176
13)     0.0009383                      0.0004741
14)     0.0008749                      0.0005061
15)     0.0008565                      0.000484
16)     0.0008995                      0.0005254
17)     0.0008089                      0.0005501
18)     0.0008774                      0.0005079
19)     0.0008169                      0.0005314
20)     0.0008717                      0.00052
21)     0.0008298                      0.0005378
22)     0.0008771                      0.0004698
23)     0.0008369                      0.0005229
24)     0.0008435                      0.0004813
25)     0.0008372                      0.0005061
26)     0.0008924                      0.0004787
27)     0.0009633                      0.0005128
28)     0.000803                      0.0005372
29)     0.0007955                      0.0005118
30)     0.0007914                      0.0005316
31)     0.0008219                      0.0004738
32)     0.0008022                      0.0005093
33)     0.0008958                      0.0004812
34)     0.0008793                      0.0005177
35)     0.0007847                      0.0005282
36)     0.0008771                      0.0005141
37)     0.0007903                      0.0005478
38)     0.000889                      0.0004808
39)     0.0008306                      0.0005431
40)     0.0008901                      0.0004821
41)     0.0008417                      0.0005185
42)     0.0009332                      0.0004844
43)     0.0011857                      0.00052
44)     0.0008034                      0.0005318
45)     0.0007689                      0.0005141
46)     0.0007524                      0.0005888
47)     0.00082                      0.0004805
48)     0.0009197                      0.0005106
49)     0.0008739                      0.0004767
50)     0.0008789                      0.0005445

Test: 5

Insert: 
     혀rtesian                                  AVL
1)     0.0012331                      0.0004795
2)     0.0008472                      0.0005206
3)     0.0007413                      0.0005446
4)     0.0007953                      0.0005142
5)     0.00088                      0.0004802
6)     0.0009087                      0.0005314
7)     0.0008652                      0.0004788
8)     0.0008731                      0.0005238
9)     0.0008477                      0.0005365
10)     0.0008707                      0.0005121
11)     0.000828                      0.0005412
12)     0.0008068                      0.0005132
13)     0.0008415                      0.0005378
14)     0.0012086                      0.0005145
15)     0.0007562                      0.0005415
16)     0.000874                      0.0005164
17)     0.0007476                      0.000576
18)     0.0008509                      0.0005288
19)     0.000792                      0.0005354
20)     0.000834                      0.0005162
21)     0.0008256                      0.0005411
22)     0.0008266                      0.0004837
23)     0.0008559                      0.0005494
24)     0.0008804                      0.0004846
25)     0.0008182                      0.0005409
26)     0.00092                      0.0004775
27)     0.0008826                      0.0005209
28)     0.0008091                      0.0004811
29)     0.000891                      0.0005531
30)     0.0008928                      0.0004821
31)     0.0008635                      0.0005246
32)     0.0007877                      0.0005404
33)     0.0008165                      0.0005292
34)     0.0008095                      0.0005357
35)     0.0008535                      0.0005078
36)     0.0009081                      0.0005834
37)     0.0008383                      0.0005124
38)     0.0008287                      0.0005416
39)     0.000813                      0.0005169
40)     0.0007752                      0.0005389
41)     0.0008423                      0.0005185
42)     0.0007688                      0.0005367
43)     0.0008589                      0.0005147
44)     0.0007787                      0.0005429
45)     0.0008335                      0.0005251
46)     0.000832                      0.0005344
47)     0.0008115                      0.0004781
48)     0.0007554                      0.0005448
49)     0.0008622                      0.0005223
50)     0.0008303                      0.0005479

Test: 6

Insert: 
     혀rtesian                                  AVL
1)     0.0007727                      0.0005371
2)     0.0007998                      0.0004774
3)     0.0007987                      0.0005161
4)     0.0008005                      0.0005556
5)     0.0007841                      0.0005382
6)     0.0008279                      0.000488
7)     0.0008273                      0.0005242
8)     0.0009852                      0.0005115
9)     0.0007451                      0.0005485
10)     0.000884                      0.0004769
11)     0.00087                      0.0005141
12)     0.0008003                      0.0005713
13)     0.000812                      0.0005419
14)     0.0008229                      0.0004817
15)     0.0009042                      0.0005268
16)     0.0008064                      0.0005564
17)     0.0008997                      0.0004826
18)     0.0008533                      0.0004808
19)     0.0009243                      0.0005193
20)     0.0007788                      0.0005404
21)     0.001127                      0.0006778
22)     0.0008285                      0.0004806
23)     0.0008459                      0.0005376
24)     0.0007759                      0.00052
25)     0.0008352                      0.0005468
26)     0.0008688                      0.0004738
27)     0.0007922                      0.0004781
28)     0.0008863                      0.0005796
29)     0.0012838                      0.0005139
30)     0.0009411                      0.0005445
31)     0.0008797                      0.000476
32)     0.0008189                      0.0005146
33)     0.0009146                      0.0005068
34)     0.0008123                      0.0005389
35)     0.000774                      0.0005453
36)     0.0009313                      0.0004803
37)     0.0008977                      0.0005307
38)     0.0008012                      0.0005199
39)     0.0007971                      0.0005375
40)     0.0009912                      0.0005413
41)     0.0008749                      0.0004798
42)     0.0008194                      0.0005182
43)     0.000798                      0.0005638
44)     0.0009292                      0.0005365
45)     0.000845                      0.0004764
46)     0.0007851                      0.0005345
47)     0.0008432                      0.0005308
48)     0.0008493                      0.0005362
49)     0.0008225                      0.0004891
50)     0.0011626                      0.0005237

Test: 7

Insert: 
     혀rtesian                                  AVL
1)     0.0008345                      0.0004821
2)     0.0008405                      0.000519
3)     0.0008677                      0.0005121
4)     0.0008389                      0.0005489
5)     0.0008092                      0.0005265
6)     0.0009414                      0.0004802
7)     0.0007705                      0.0005393
8)     0.0008238                      0.0005338
9)     0.0007966                      0.0005743
10)     0.0011401                      0.0005215
11)     0.0008218                      0.0004784
12)     0.0009002                      0.0005574
13)     0.0009138                      0.000519
14)     0.0009088                      0.0004846
15)     0.0008356                      0.0005304
16)     0.0009012                      0.0004705
17)     0.0008025                      0.000563
18)     0.0008502                      0.000518
19)     0.0008628                      0.0004856
20)     0.0008491                      0.0005818
21)     0.0009024                      0.0005298
22)     0.0009253                      0.0005383
23)     0.0008323                      0.0005188
24)     0.0008528                      0.0004952
25)     0.0007457                      0.0005751
26)     0.0010042                      0.0005132
27)     0.0010143                      0.0004602
28)     0.0008463                      0.000524
29)     0.0008937                      0.0004623
30)     0.0008256                      0.0005524
31)     0.0008099                      0.0005264
32)     0.0009312                      0.0004823
33)     0.0008045                      0.0005219
34)     0.0008727                      0.0004753
35)     0.0007799                      0.0005508
36)     0.0008198                      0.0005258
37)     0.0008641                      0.0005107
38)     0.0009268                      0.0012381
39)     0.0008479                      0.0005183
40)     0.0008824                      0.0004788
41)     0.0008848                      0.00052
42)     0.00086                      0.0004759
43)     0.0012387                      0.0005252
44)     0.0008143                      0.0005111
45)     0.0008917                      0.0004729
46)     0.0007969                      0.000539
47)     0.0008081                      0.0005226
48)     0.0008723                      0.0004812
49)     0.0008193                      0.0005389
50)     0.0008079                      0.000495
