
Test: 0

Search: 
     혀rtesian                      AVL
1)     6.32e-05           5.97e-05
2)     6.16e-05           5.91e-05
3)     6.04e-05           5.86e-05
4)     6.2e-05           6.34e-05
5)     6.16e-05           5.85e-05
6)     6.01e-05           5.83e-05
7)     6.68e-05           5.98e-05
8)     6.35e-05           6.02e-05
9)     6.34e-05           6.31e-05
10)     6.17e-05           6.06e-05
11)     6.06e-05           5.85e-05
12)     7.94e-05           7.12e-05
13)     6.05e-05           5.85e-05
14)     6.1e-05           5.86e-05
15)     6.24e-05           5.83e-05
16)     5.96e-05           5.77e-05
17)     0.0001385           0.0001316
18)     6.22e-05           6.13e-05
19)     6.17e-05           5.85e-05
20)     6.22e-05           5.85e-05
21)     6.37e-05           5.86e-05
22)     6.17e-05           5.85e-05
23)     6.14e-05           5.88e-05
24)     0.0001463           0.0001323
25)     6.19e-05           5.86e-05
26)     6.21e-05           5.86e-05
27)     6.36e-05           5.97e-05
28)     6.18e-05           5.86e-05
29)     6.13e-05           5.83e-05
30)     6.54e-05           5.85e-05
31)     6.19e-05           5.88e-05
32)     6.05e-05           5.85e-05
33)     6.17e-05           5.86e-05
34)     6.49e-05           6.07e-05
35)     6.18e-05           6.25e-05
36)     6.04e-05           5.87e-05
37)     8.29e-05           7.93e-05
38)     6.25e-05           5.88e-05
39)     0.0001061           5.96e-05
40)     6.34e-05           6.16e-05
41)     6.08e-05           5.87e-05
42)     6.03e-05           5.86e-05
43)     6.16e-05           5.83e-05
44)     6.06e-05           6.15e-05
45)     6.53e-05           5.85e-05
46)     6.06e-05           6.21e-05
47)     6.21e-05           5.86e-05
48)     0.0001398           0.0001315
49)     6.04e-05           5.89e-05
50)     6.16e-05           5.85e-05

Test: 1

Search: 
     혀rtesian                      AVL
1)     6.7e-05           6.29e-05
2)     6.21e-05           5.99e-05
3)     6.01e-05           5.88e-05
4)     6.24e-05           5.99e-05
5)     6.07e-05           5.86e-05
6)     6.15e-05           5.83e-05
7)     0.00011           0.0001314
8)     6.22e-05           5.98e-05
9)     5.84e-05           5.83e-05
10)     6.19e-05           5.97e-05
11)     6.15e-05           5.84e-05
12)     6.03e-05           5.85e-05
13)     6.18e-05           5.85e-05
14)     6.17e-05           5.85e-05
15)     0.0001385           0.0001268
16)     6.33e-05           5.97e-05
17)     6.31e-05           5.83e-05
18)     9.76e-05           5.3e-05
19)     0.0001381           0.0001314
20)     6.17e-05           6.16e-05
21)     0.0001432           0.0001323
22)     0.0001346           0.0001544
23)     0.0001382           0.000131
24)     6.03e-05           5.88e-05
25)     6.17e-05           6.05e-05
26)     7.22e-05           6.06e-05
27)     6.15e-05           5.83e-05
28)     6.41e-05           5.86e-05
29)     0.0001348           5.85e-05
30)     6.19e-05           5.97e-05
31)     6.56e-05           5.86e-05
32)     6.36e-05           5.98e-05
33)     6.31e-05           5.88e-05
34)     6.15e-05           5.83e-05
35)     6.35e-05           5.87e-05
36)     5.84e-05           5.85e-05
37)     0.0001383           0.0001315
38)     0.0001383           0.0001314
39)     0.0001419           0.0001614
40)     6.33e-05           5.96e-05
41)     6.17e-05           5.85e-05
42)     6.3e-05           5.83e-05
43)     6.2e-05           5.91e-05
44)     6.17e-05           5.85e-05
45)     6.39e-05           5.3e-05
46)     5.87e-05           5.86e-05
47)     5.97e-05           5.87e-05
48)     6.2e-05           5.86e-05
49)     6.22e-05           5.98e-05
50)     0.0001386           0.0001315

Test: 2

Search: 
     혀rtesian                      AVL
1)     6.4e-05           5.86e-05
2)     6.03e-05           5.85e-05
3)     6.03e-05           5.85e-05
4)     6.05e-05           5.87e-05
5)     6.03e-05           5.85e-05
6)     0.0001414           0.0001338
7)     0.0001382           0.0001316
8)     6.06e-05           5.85e-05
9)     6.05e-05           5.86e-05
10)     0.0001398           0.0001315
11)     6.35e-05           5.84e-05
12)     6.14e-05           5.83e-05
13)     6.33e-05           6.03e-05
14)     0.0001887           0.0001796
15)     6.03e-05           5.86e-05
16)     6.17e-05           5.86e-05
17)     6.16e-05           5.85e-05
18)     0.0001398           0.0001315
19)     0.000135           7.54e-05
20)     0.000138           0.0001309
21)     0.0001381           0.0001441
22)     6.05e-05           5.87e-05
23)     0.0001926           0.0001795
24)     6e-05           5.83e-05
25)     6.17e-05           5.85e-05
26)     6.47e-05           5.85e-05
27)     6.14e-05           5.83e-05
28)     0.0001379           0.0001314
29)     0.0001414           0.0001268
30)     6.03e-05           5.85e-05
31)     0.0001419           0.0001315
32)     0.0001453           0.0001309
33)     6.34e-05           5.85e-05
34)     0.0001378           0.000131
35)     6.26e-05           5.85e-05
36)     0.0001386           0.0001315
37)     6.52e-05           5.84e-05
38)     6.34e-05           5.97e-05
39)     6.21e-05           5.88e-05
40)     6.16e-05           5.84e-05
41)     0.0001383           0.0001318
42)     6.17e-05           5.86e-05
43)     6.05e-05           5.85e-05
44)     6.18e-05           6.01e-05
45)     6.03e-05           8.45e-05
46)     6.15e-05           5.85e-05
47)     6.26e-05           5.86e-05
48)     6.15e-05           6.11e-05
49)     0.0001378           0.0001226
50)     6.33e-05           5.85e-05

Test: 3

Search: 
     혀rtesian                      AVL
1)     6.15e-05           5.84e-05
2)     6.2e-05           5.85e-05
3)     6.03e-05           5.85e-05
4)     6.33e-05           5.98e-05
5)     6.03e-05           5.86e-05
6)     6.06e-05           5.85e-05
7)     6.03e-05           5.85e-05
8)     0.0001384           0.0001315
9)     0.0001449           0.0001314
10)     6.13e-05           5.94e-05
11)     6.03e-05           5.85e-05
12)     6.13e-05           5.83e-05
13)     6.16e-05           5.87e-05
14)     0.0001385           0.0001315
15)     0.000142           0.0001341
16)     0.0001888           0.0001012
17)     6.4e-05           5.99e-05
18)     0.0001436           0.0001324
19)     0.0001409           0.0001268
20)     6.01e-05           5.82e-05
21)     6.15e-05           0.0001081
22)     0.0001398           0.0001315
23)     6e-05           5.83e-05
24)     6e-05           6.54e-05
25)     6.14e-05           5.84e-05
26)     6.17e-05           5.85e-05
27)     6.2e-05           5.86e-05
28)     0.0001379           0.0001309
29)     6.2e-05           5.97e-05
30)     6.39e-05           5.87e-05
31)     0.0001408           0.000131
32)     6.37e-05           5.97e-05
33)     6.37e-05           5.84e-05
34)     6.04e-05           5.85e-05
35)     0.0001393           0.0001317
36)     6.15e-05           5.82e-05
37)     6.18e-05           5.85e-05
38)     6.17e-05           5.86e-05
39)     6.01e-05           5.87e-05
40)     6.17e-05           5.86e-05
41)     0.0001383           0.0001315
42)     0.0001384           0.0001315
43)     0.0001383           0.0001344
44)     6.14e-05           5.87e-05
45)     6.03e-05           5.85e-05
46)     0.0001396           0.0001309
47)     6.16e-05           5.85e-05
48)     6.18e-05           5.83e-05
49)     6.18e-05           5.86e-05
50)     6.2e-05           5.97e-05

Test: 4

Search: 
     혀rtesian                      AVL
1)     6.15e-05           5.83e-05
2)     6.03e-05           5.86e-05
3)     0.0001892           7.12e-05
4)     6.18e-05           5.97e-05
5)     6.24e-05           6.04e-05
6)     6.06e-05           5.86e-05
7)     6.23e-05           5.86e-05
8)     0.0001384           0.0001314
9)     6.39e-05           5.85e-05
10)     6.17e-05           5.86e-05
11)     6.15e-05           5.85e-05
12)     6.17e-05           5.97e-05
13)     6.28e-05           5.94e-05
14)     6.68e-05           5.65e-05
15)     6.17e-05           6.07e-05
16)     6.01e-05           5.83e-05
17)     6.26e-05           6.09e-05
18)     6.53e-05           6.02e-05
19)     6.16e-05           5.83e-05
20)     6.16e-05           5.85e-05
21)     6.17e-05           5.85e-05
22)     6.07e-05           5.64e-05
23)     7.08e-05           6.1e-05
24)     0.0001888           0.0001794
25)     6.15e-05           5.84e-05
26)     6.24e-05           5.85e-05
27)     5.97e-05           5.83e-05
28)     0.00014           0.0001315
29)     0.0001381           0.0001344
30)     6.04e-05           5.85e-05
31)     6.17e-05           5.86e-05
32)     6.24e-05           5.85e-05
33)     0.0001254           6.19e-05
34)     0.0001437           0.0001315
35)     6.17e-05           5.85e-05
36)     6.14e-05           5.86e-05
37)     0.0001346           0.000131
38)     0.0001376           0.0001315
39)     6.01e-05           5.82e-05
40)     6e-05           5.83e-05
41)     6.15e-05           5.85e-05
42)     6.03e-05           5.86e-05
43)     6.39e-05           6.02e-05
44)     0.0001377           0.0001389
45)     6.12e-05           5.82e-05
46)     6.01e-05           5.85e-05
47)     0.0001456           0.000131
48)     6.16e-05           5.82e-05
49)     6.18e-05           5.83e-05
50)     6.04e-05           5.86e-05

Test: 5

Search: 
     혀rtesian                      AVL
1)     6.14e-05           5.83e-05
2)     6.03e-05           5.85e-05
3)     6.66e-05           5.85e-05
4)     6.03e-05           5.85e-05
5)     6.18e-05           5.85e-05
6)     6.03e-05           5.84e-05
7)     0.0001356           0.0001315
8)     6.13e-05           6.42e-05
9)     0.0001352           0.0001315
10)     5.99e-05           5.83e-05
11)     6.21e-05           5.88e-05
12)     6.03e-05           5.86e-05
13)     6.38e-05           5.85e-05
14)     6.15e-05           5.85e-05
15)     6.12e-05           5.82e-05
16)     6.19e-05           5.83e-05
17)     6.14e-05           5.83e-05
18)     7.06e-05           5.52e-05
19)     6.04e-05           5.88e-05
20)     6.03e-05           5.85e-05
21)     6.33e-05           5.97e-05
22)     6.19e-05           5.85e-05
23)     6.17e-05           5.85e-05
24)     0.0001383           0.0001315
25)     6.16e-05           5.83e-05
26)     6.04e-05           5.86e-05
27)     0.0001425           0.0001315
28)     6.26e-05           6.1e-05
29)     6.17e-05           5.85e-05
30)     0.0001377           0.0001312
31)     6.31e-05           5.87e-05
32)     6.03e-05           5.85e-05
33)     6.3e-05           5.84e-05
34)     6.19e-05           5.86e-05
35)     6.33e-05           5.98e-05
36)     6.2e-05           5.85e-05
37)     6.14e-05           5.87e-05
38)     0.0001282           0.0001317
39)     6.33e-05           5.97e-05
40)     6.2e-05           5.85e-05
41)     6.38e-05           5.83e-05
42)     0.0001378           0.0001309
43)     0.0001383           0.0001315

Test: 0

Search: 
     혀rtesian                      AVL
1)     6.2e-05           5.88e-05
2)     6.12e-05           5.82e-05
3)     6.32e-05           5.97e-05
4)     6.15e-05           5.85e-05
5)     0.00014           0.0001315
6)     6.14e-05           5.82e-05
7)     6.02e-05           5.85e-05
8)     0.0001392           0.0001316
9)     6.14e-05           5.85e-05
10)     0.000138           0.0001314
11)     6.03e-05           5.83e-05
12)     6.15e-05           5.84e-05
13)     6.15e-05           6.04e-05
14)     6.41e-05           5.84e-05
15)     6.3e-05           5.87e-05
16)     6.19e-05           5.85e-05
17)     5.98e-05           5.83e-05
18)     6.2e-05           6.15e-05
19)     6.16e-05           6.21e-05
20)     6e-05           5.82e-05
21)     6.85e-05           6.65e-05
22)     6.15e-05           6.33e-05
23)     0.0001888           0.0001548
24)     6.17e-05           5.85e-05
25)     6.03e-05           5.86e-05
26)     6.18e-05           5.85e-05
27)     6.18e-05           5.85e-05
28)     6.15e-05           5.86e-05
29)     6.15e-05           6.07e-05
30)     6.31e-05           6.15e-05
31)     6.01e-05           5.84e-05
32)     5.97e-05           5.86e-05
33)     6.31e-05           5.96e-05
34)     6.17e-05           5.85e-05
35)     6e-05           5.83e-05
36)     5.79e-05           5.29e-05
37)     6.11e-05           6.01e-05
38)     6.32e-05           5.96e-05
39)     6.05e-05           5.87e-05
40)     6.02e-05           5.82e-05
41)     6.13e-05           5.83e-05
42)     6.32e-05           5.96e-05
43)     6.38e-05           5.84e-05
44)     6.15e-05           5.85e-05
45)     6.17e-05           5.85e-05
46)     6.37e-05           5.85e-05
47)     6.16e-05           5.88e-05
48)     6.15e-05           5.84e-05
49)     6.18e-05           6.1e-05
50)     6.15e-05           5.85e-05

Test: 1

Search: 
     혀rtesian                      AVL
1)     6.34e-05           6.2e-05
2)     0.0001351           0.0001315
3)     6.18e-05           6.19e-05
4)     0.0001419           0.0001322
5)     6.16e-05           5.84e-05
6)     6.16e-05           5.86e-05
7)     6.16e-05           5.85e-05
8)     0.00014           0.0001315
9)     5.97e-05           5.83e-05
10)     6.12e-05           5.82e-05
11)     6.15e-05           5.84e-05
12)     6.03e-05           5.84e-05
13)     6.34e-05           5.84e-05
14)     0.0001494           0.0001359
15)     6.3e-05           5.97e-05
16)     6.04e-05           5.85e-05
17)     0.0001377           0.000131
18)     6.18e-05           5.85e-05
19)     6.35e-05           6.3e-05
20)     6.14e-05           5.84e-05
21)     6.16e-05           5.85e-05
22)     6.28e-05           5.84e-05
23)     6.03e-05           6.2e-05
24)     6.04e-05           5.85e-05
25)     6.01e-05           5.95e-05
26)     6.17e-05           5.85e-05
27)     6.31e-05           5.97e-05
28)     6.01e-05           5.85e-05
29)     6.15e-05           5.85e-05
30)     6.4e-05           5.92e-05
31)     6.2e-05           5.86e-05
32)     6.15e-05           5.86e-05
33)     6.13e-05           5.85e-05
34)     5.63e-05           5.57e-05
35)     6.31e-05           5.86e-05
36)     6.13e-05           5.83e-05
37)     6.17e-05           5.82e-05
38)     6.02e-05           5.85e-05
39)     6.16e-05           5.85e-05
40)     6.02e-05           6.21e-05
41)     6.15e-05           5.84e-05
42)     6.17e-05           6.1e-05
43)     6.14e-05           5.91e-05
44)     6.14e-05           5.88e-05
45)     6.17e-05           5.85e-05
46)     6.02e-05           5.87e-05
47)     6.16e-05           5.82e-05
48)     6.15e-05           5.85e-05
49)     6.19e-05           5.98e-05
50)     6.27e-05           6.33e-05

Test: 2

Search: 
     혀rtesian                      AVL
1)     6.33e-05           5.97e-05
2)     0.0001383           0.0001315
3)     6.18e-05           5.86e-05
4)     6.19e-05           5.85e-05
5)     6.28e-05           5.82e-05
6)     0.0001425           0.0001381
7)     0.0001176           6.09e-05
8)     6.16e-05           5.86e-05
9)     6.18e-05           6.04e-05
10)     0.0001379           0.000131
11)     6.03e-05           5.85e-05
12)     6.15e-05           5.86e-05
13)     6.03e-05           5.85e-05
14)     6.36e-05           5.97e-05
15)     6.16e-05           5.85e-05
16)     6.03e-05           5.86e-05
17)     6.16e-05           6.08e-05
18)     0.0001385           7.79e-05
19)     0.0001385           9.66e-05
20)     6.56e-05           5.84e-05
21)     6.19e-05           5.86e-05
22)     6.16e-05           5.85e-05
23)     6.14e-05           5.84e-05
24)     6.13e-05           6.42e-05
25)     0.0001382           9.11e-05
26)     6.16e-05           5.87e-05
27)     6.18e-05           5.82e-05
28)     6.27e-05           5.85e-05
29)     6.17e-05           6.21e-05
30)     6.18e-05           5.85e-05
31)     0.0001399           0.0001351
32)     6.23e-05           5.97e-05
33)     6.15e-05           5.85e-05
34)     6.01e-05           5.84e-05
35)     6.16e-05           5.84e-05
36)     6.31e-05           5.96e-05
37)     6.14e-05           5.82e-05
38)     6.89e-05           5.46e-05

Test: 0

Search: 
     혀rtesian                      AVL
1)     6.15e-05           0.000122
2)     6.14e-05           8.12e-05
3)     0.000185           5.8e-05
4)     6.12e-05           5.83e-05
5)     6.15e-05           5.83e-05
6)     6.28e-05           5.84e-05
7)     6.37e-05           5.97e-05
8)     6.31e-05           5.88e-05
9)     0.0001881           0.0001788
10)     0.0001419           0.0001341
11)     6.02e-05           5.85e-05
12)     6.18e-05           5.87e-05
13)     6.4e-05           5.82e-05
14)     6.17e-05           5.83e-05
15)     6.15e-05           5.85e-05
16)     6.19e-05           5.85e-05
17)     6.15e-05           5.85e-05
18)     0.0001437           0.0001315
19)     0.0001383           0.0001315
20)     0.0001085           5.83e-05
21)     6.14e-05           5.85e-05
22)     0.0001354           0.0001315
23)     0.0001925           0.0001795
24)     6.23e-05           0.0001115
25)     6.19e-05           5.85e-05
26)     0.0001651           0.0001795
27)     6.15e-05           5.84e-05
28)     6.12e-05           5.82e-05
29)     6.06e-05           5.86e-05
30)     6.15e-05           5.86e-05
31)     6.33e-05           5.97e-05
32)     6.03e-05           5.86e-05
33)     6.2e-05           5.85e-05
34)     6.15e-05           5.86e-05
35)     5.96e-05           5.87e-05
36)     0.000138           0.0001309
37)     6.42e-05           5.85e-05
38)     6.52e-05           5.85e-05
39)     0.0001849           0.0001795
40)     0.0001449           0.000132
41)     6.16e-05           5.84e-05
42)     6.18e-05           6.2e-05
43)     6.33e-05           5.97e-05
44)     6.23e-05           5.85e-05
45)     6.13e-05           5.83e-05
46)     0.0001377           0.0001309
47)     0.0001384           0.0001315
48)     6.17e-05           5.86e-05
49)     6.14e-05           5.82e-05
50)     6.17e-05           5.87e-05

Test: 1

Search: 
     혀rtesian                      AVL
1)     6.03e-05           5.83e-05
2)     0.0001338           5.98e-05
3)     6.18e-05           5.83e-05
4)     6.17e-05           5.87e-05
5)     6.16e-05           5.86e-05
6)     6.12e-05           5.82e-05
7)     6.12e-05           5.82e-05
8)     6.15e-05           5.82e-05
9)     6.05e-05           5.86e-05
10)     0.0001423           0.0001341
11)     6.16e-05           5.85e-05
12)     6.16e-05           5.85e-05
13)     6.71e-05           5.95e-05
14)     0.0001378           0.0001309
15)     6.17e-05           5.85e-05
16)     6.16e-05           6.1e-05
17)     6.14e-05           5.85e-05
18)     6.15e-05           5.84e-05
19)     6e-05           5.87e-05
20)     6.15e-05           5.83e-05
21)     6.15e-05           5.88e-05
22)     6.16e-05           5.85e-05
23)     0.0001383           0.0001315
24)     6.17e-05           5.86e-05
25)     6.12e-05           5.82e-05
26)     6.15e-05           5.83e-05
27)     6.16e-05           5.85e-05
28)     6.15e-05           5.83e-05
29)     0.0001378           0.0001309
30)     6.15e-05           5.83e-05
31)     6.17e-05           5.85e-05
32)     6.21e-05           5.86e-05
33)     6.19e-05           5.84e-05
34)     0.0001378           0.000131
35)     6.02e-05           5.89e-05
36)     0.0001384           0.0001321
37)     6.14e-05           5.84e-05
38)     0.0001378           8.31e-05
39)     6.17e-05           5.94e-05
40)     6.36e-05           5.97e-05
41)     6.26e-05           5.84e-05
42)     0.0001347           0.000131
43)     6.17e-05           5.85e-05
44)     0.0001384           0.0001315
45)     0.0001425           0.0001342
46)     6.42e-05           5.83e-05
47)     6.15e-05           5.86e-05
48)     6.35e-05           5.86e-05
49)     0.0001384           0.0001315
50)     6.15e-05           5.83e-05

Test: 2

Search: 
     혀rtesian                      AVL
1)     0.0001415           0.0001357
2)     6.28e-05           5.98e-05
3)     6.4e-05           5.93e-05
4)     6.03e-05           5.86e-05
5)     6.19e-05           5.85e-05
6)     6.17e-05           5.83e-05
7)     6.71e-05           6.83e-05
8)     0.0001406           0.0001309
9)     6.17e-05           5.86e-05
10)     0.0001347           0.0001312
11)     0.0001212           6.06e-05
12)     6.03e-05           5.83e-05
13)     0.0001398           0.0001315
14)     6.19e-05           5.82e-05
15)     0.0001383           0.0001316
16)     6.15e-05           5.84e-05
17)     6.15e-05           5.82e-05
18)     6.05e-05           5.85e-05
19)     6.14e-05           6.28e-05
20)     6.03e-05           5.86e-05
21)     6.05e-05           5.85e-05
22)     6.19e-05           6.98e-05
23)     0.0001346           9.09e-05
24)     0.0001416           0.0001314
25)     6.23e-05           5.85e-05
26)     6.16e-05           5.85e-05
27)     6.12e-05           5.82e-05
28)     6.15e-05           5.85e-05
29)     6.17e-05           5.85e-05
30)     6.16e-05           5.85e-05
31)     6.14e-05           5.82e-05
32)     6.17e-05           6.55e-05
33)     6.16e-05           5.87e-05
34)     6.17e-05           5.86e-05
35)     6e-05           5.82e-05
36)     6.16e-05           5.85e-05
37)     6.2e-05           5.67e-05
38)     6.14e-05           6.2e-05
39)     6.01e-05           5.83e-05
40)     6.15e-05           5.83e-05
41)     0.0001351           0.000256
42)     6.14e-05           5.82e-05
43)     6.16e-05           5.88e-05
44)     6.15e-05           6.03e-05
45)     6.68e-05           5.85e-05
46)     0.0001382           0.0001314
47)     6.23e-05           5.87e-05
48)     6.19e-05           5.91e-05
49)     6.75e-05           5.85e-05
50)     6.33e-05           5.97e-05

Test: 3

Search: 
     혀rtesian                      AVL
1)     6.05e-05           5.85e-05
2)     6.14e-05           5.83e-05
3)     6.02e-05           5.86e-05
4)     6.01e-05           5.83e-05
5)     0.0001642           0.0001268
6)     6.17e-05           5.85e-05
7)     0.0001383           0.0001315
8)     6.19e-05           5.85e-05
9)     0.0001386           0.000135
10)     6.18e-05           5.85e-05
11)     6.21e-05           6.17e-05
12)     0.0001404           0.0001326
13)     6.18e-05           5.85e-05
14)     0.0001168           0.000131
15)     0.0001385           0.0001318
16)     6.18e-05           5.85e-05
17)     6.18e-05           5.88e-05
18)     6e-05           5.82e-05
19)     0.0001351           0.0001315
20)     6.15e-05           5.83e-05
21)     6.47e-05           5.82e-05
22)     6.37e-05           5.83e-05
23)     6.17e-05           5.85e-05
24)     6.01e-05           5.82e-05
25)     6.21e-05           5.97e-05
26)     6.18e-05           6e-05
27)     6.15e-05           5.83e-05
28)     0.0001325           6.18e-05
29)     6.15e-05           5.83e-05
30)     0.0001346           7.91e-05
31)     6e-05           5.83e-05
32)     0.0001378           0.0001309
33)     6.22e-05           5.85e-05
34)     6.33e-05           5.97e-05
35)     6.12e-05           5.82e-05
36)     8.04e-05           5.85e-05
37)     6.15e-05           5.83e-05
38)     0.0001382           0.0001315
39)     0.0001383           0.0001315
40)     6.03e-05           5.86e-05
41)     6.14e-05           5.86e-05
42)     6.14e-05           5.85e-05
43)     6.3e-05           5.88e-05
44)     8.11e-05           5.86e-05
45)     6.34e-05           5.97e-05
46)     6.2e-05           5.86e-05
47)     6.17e-05           5.83e-05
48)     6.15e-05           6.12e-05
49)     6.21e-05           5.86e-05
50)     6.16e-05           5.85e-05

Test: 4

Search: 
     혀rtesian                      AVL
1)     6.16e-05           5.86e-05
2)     6.19e-05           5.82e-05
3)     6.12e-05           5.82e-05
4)     0.0001383           0.0001315
5)     0.0002116           0.0001327
6)     6.23e-05           5.88e-05
7)     6.18e-05           6.29e-05
8)     6.13e-05           7.58e-05
9)     6.28e-05           5.64e-05
10)     6.15e-05           5.98e-05
11)     6.22e-05           5.85e-05
12)     6.68e-05           5.84e-05
13)     6e-05           5.83e-05
14)     6.15e-05           5.85e-05
15)     6.18e-05           5.86e-05
16)     6.22e-05           8.13e-05
17)     6.16e-05           5.85e-05
18)     0.0001352           0.0001059
19)     6.54e-05           5.86e-05
20)     6.15e-05           5.83e-05
21)     6.03e-05           5.85e-05
22)     0.0001092           5.83e-05
23)     6.17e-05           5.85e-05
24)     6.2e-05           6.19e-05
25)     6.28e-05           5.87e-05
26)     6.18e-05           5.85e-05
27)     6.19e-05           5.83e-05
28)     6.04e-05           5.86e-05
29)     6.17e-05           6.07e-05
30)     6.18e-05           5.83e-05
31)     6.14e-05           5.83e-05
32)     6.03e-05           5.84e-05
33)     0.0001384           0.0001315
34)     0.0001346           0.0001309
35)     6.43e-05           5.67e-05
36)     6.28e-05           5.83e-05
37)     0.0001383           0.0001348
38)     0.0001383           0.0001314
39)     0.0001449           0.0001316
40)     6.17e-05           5.85e-05
41)     9.05e-05           5.85e-05
42)     6.18e-05           6.03e-05
43)     6.14e-05           5.85e-05
44)     6.18e-05           0.00011
45)     6.15e-05           5.82e-05
46)     6.14e-05           5.82e-05
47)     6.15e-05           5.82e-05
48)     5.97e-05           5.86e-05
49)     6.31e-05           5.97e-05
50)     0.0001415           0.000134

Test: 5

Search: 
     혀rtesian                      AVL
1)     6.2e-05           5.85e-05
2)     6.01e-05           5.83e-05
3)     6.18e-05           5.86e-05
4)     6.17e-05           5.85e-05
5)     0.0001377           0.0001311
6)     6.16e-05           5.85e-05
7)     6.16e-05           5.85e-05
8)     6.04e-05           6.02e-05
9)     6.16e-05           5.86e-05
10)     6.49e-05           5.85e-05
11)     6.17e-05           5.87e-05
12)     0.0001384           0.0001315
13)     6.16e-05           5.82e-05
14)     0.0001377           0.0001309
15)     6.01e-05           5.84e-05
16)     6.17e-05           5.85e-05
17)     0.0001387           0.0001316
18)     6.04e-05           5.86e-05
19)     6e-05           5.83e-05
20)     6.41e-05           6.17e-05
21)     6.46e-05           5.82e-05
22)     6.17e-05           5.86e-05
23)     6.14e-05           5.82e-05
24)     0.0001346           0.000131
25)     0.0001378           0.0001313
26)     6.14e-05           5.82e-05
27)     6.49e-05           5.86e-05
28)     6.15e-05           5.85e-05
29)     0.000145           0.0001341
30)     6.17e-05           5.85e-05
31)     6.05e-05           5.87e-05
32)     6.16e-05           5.85e-05
33)     0.000138           0.000131
34)     6.04e-05           5.85e-05
35)     6.14e-05           5.82e-05
36)     6.16e-05           5.85e-05
37)     6.19e-05           5.88e-05
38)     6.14e-05           5.86e-05
39)     6.03e-05           5.85e-05
40)     9.41e-05           0.0001359
41)     6.04e-05           5.85e-05
42)     6.02e-05           6.22e-05
43)     6.22e-05           6.17e-05
44)     0.0001908           0.0001787
45)     6.17e-05           5.85e-05
46)     6.84e-05           5.82e-05
47)     5.98e-05           5.83e-05
48)     6.14e-05           6.1e-05
49)     0.0001381           0.0001047
50)     0.0001359           0.0001313

Test: 6

Search: 
     혀rtesian                      AVL
1)     6.02e-05           5.85e-05
2)     6.04e-05           5.86e-05
3)     0.0001381           0.0001315
4)     6.15e-05           5.85e-05
5)     6.17e-05           5.86e-05
6)     6.15e-05           5.82e-05
7)     6.55e-05           5.87e-05
8)     6.53e-05           6.22e-05
9)     6.22e-05           5.85e-05
10)     6.14e-05           5.86e-05
11)     6.43e-05           5.84e-05
12)     6.13e-05           5.83e-05
13)     0.0001008           0.0001356
14)     6.03e-05           6.19e-05
15)     6.19e-05           6e-05
16)     5.99e-05           5.86e-05
17)     6.16e-05           6.16e-05
18)     6.14e-05           5.83e-05
19)     0.0001383           0.0001379
20)     0.0001401           0.000131
21)     6.8e-05           6.94e-05
22)     6.03e-05           5.87e-05
23)     6.17e-05           5.86e-05
24)     6.03e-05           5.85e-05
25)     0.0001436           0.0001267
26)     0.0001384           0.0001314
27)     6.17e-05           5.86e-05
28)     5.98e-05           5.82e-05
29)     6.13e-05           5.84e-05
30)     6.18e-05           5.85e-05
31)     6.17e-05           5.86e-05
32)     6.02e-05           5.86e-05
33)     6.17e-05           5.86e-05
34)     6.16e-05           5.85e-05
35)     6.2e-05           5.83e-05
36)     0.0001336           0.0001309
37)     0.0001378           0.0001347
38)     6.46e-05           5.67e-05
39)     6.03e-05           5.85e-05
40)     6.14e-05           5.83e-05
41)     0.0001384           0.0001316
42)     6.17e-05           5.85e-05
43)     0.0001389           0.0001315
44)     6.03e-05           5.85e-05
45)     6.16e-05           5.85e-05
46)     6.14e-05           6.03e-05
47)     6.24e-05           5.86e-05
48)     6.04e-05           6.46e-05
49)     0.00014           0.0001404
50)     0.0001108           6.05e-05

Test: 7

Search: 
     혀rtesian                      AVL
1)     6.17e-05           5.86e-05
2)     6.15e-05           5.83e-05
3)     6.3e-05           5.87e-05
4)     6.17e-05           5.85e-05
5)     6.48e-05           5.83e-05
6)     0.0001348           6.19e-05
7)     6.02e-05           5.85e-05
8)     5.82e-05           5.83e-05
9)     6.14e-05           5.82e-05
10)     6.36e-05           6.21e-05
11)     6.21e-05           5.85e-05
12)     6.2e-05           5.99e-05
13)     6.2e-05           5.85e-05
14)     0.0001387           0.0001315
15)     0.0001383           0.0001315
16)     0.0001576           0.0001284
17)     0.0001383           0.0001316
18)     6.14e-05           5.83e-05
19)     6.16e-05           5.84e-05
20)     6.15e-05           5.85e-05
21)     6.15e-05           5.85e-05
22)     6.17e-05           5.85e-05
23)     0.0001375           0.0001309
24)     6.23e-05           5.97e-05
25)     6.16e-05           5.84e-05
26)     6.17e-05           5.85e-05
27)     6.11e-05           5.85e-05
28)     6.15e-05           5.83e-05
29)     6.14e-05           5.82e-05
30)     6.15e-05           5.89e-05
31)     6.17e-05           5.85e-05
32)     6.14e-05           5.83e-05
33)     6.17e-05           5.88e-05
34)     6.03e-05           5.85e-05
35)     6.17e-05           5.85e-05
36)     6.18e-05           5.85e-05
37)     6e-05           5.83e-05
38)     6.19e-05           5.86e-05
39)     0.0001746           0.000131
40)     0.0001377           0.000131
41)     6.16e-05           5.84e-05
42)     6.41e-05           5.77e-05
43)     6.18e-05           5.85e-05
44)     6.16e-05           5.85e-05
45)     6.03e-05           5.85e-05
46)     0.0001707           0.0001315
47)     6.34e-05           5.85e-05
48)     6.74e-05           5.3e-05
49)     6.07e-05           5.85e-05

Test: 0

Search: 
     혀rtesian                      AVL
1)     6.36e-05           6.01e-05
2)     6.36e-05           6.01e-05
3)     6.4e-05           6.03e-05
4)     6.04e-05           5.83e-05
5)     6.05e-05           5.84e-05
6)     6.07e-05           6.5e-05
7)     6.46e-05           6.87e-05
8)     6.24e-05           6.1e-05
9)     6.44e-05           6.04e-05
10)     6.29e-05           6.54e-05
11)     6.44e-05           6.07e-05
12)     6.44e-05           6.07e-05
13)     6.46e-05           6.07e-05
14)     8e-05           8.04e-05
15)     6.06e-05           5.88e-05
16)     6.27e-05           5.87e-05
17)     6.3e-05           5.96e-05
18)     6.24e-05           5.94e-05
19)     6.12e-05           5.86e-05
20)     6.18e-05           6.07e-05
21)     7.67e-05           8.11e-05
22)     6.19e-05           5.86e-05
23)     6.22e-05           6.11e-05
24)     6.64e-05           5.99e-05
25)     6.33e-05           5.99e-05
26)     6.45e-05           6.11e-05
27)     6.27e-05           5.95e-05
28)     6.45e-05           6.08e-05
29)     8.19e-05           8.25e-05
30)     6.49e-05           6.11e-05
31)     6.31e-05           5.99e-05
32)     6.28e-05           5.95e-05
33)     6.58e-05           5.96e-05
34)     6.32e-05           5.96e-05
35)     6.76e-05           6.11e-05
36)     6.47e-05           6.12e-05
37)     6.45e-05           6.08e-05
38)     5.93e-05           5.79e-05
39)     6.51e-05           6.11e-05
40)     6.66e-05           5.95e-05
41)     6.29e-05           5.96e-05
42)     6.04e-05           5.86e-05
43)     6.48e-05           6.11e-05
44)     6.45e-05           6.06e-05
45)     6.28e-05           5.94e-05
46)     8.12e-05           8.22e-05
47)     6.28e-05           5.96e-05
48)     6.44e-05           6.07e-05
49)     6.06e-05           5.86e-05
50)     6.3e-05           6.43e-05

Test: 1

Search: 
     혀rtesian                      AVL
1)     6.64e-05           5.99e-05
2)     6.45e-05           6.07e-05
3)     6.05e-05           5.86e-05
4)     6.22e-05           5.92e-05
5)     6.56e-05           5.72e-05
6)     0.0001119           7.51e-05
7)     6.45e-05           6.08e-05
8)     6.2e-05           5.72e-05
9)     6.37e-05           5.94e-05
10)     6.3e-05           5.95e-05
11)     6.45e-05           6.07e-05
12)     6.26e-05           5.94e-05
13)     6.47e-05           6.27e-05
14)     6.25e-05           5.92e-05
15)     6.06e-05           5.87e-05
16)     6.08e-05           5.92e-05
17)     6.29e-05           5.95e-05
18)     6.45e-05           6.1e-05
19)     6.08e-05           6.51e-05
20)     6.45e-05           6.08e-05
21)     6.26e-05           6.36e-05
22)     6.46e-05           6.08e-05
23)     8.56e-05           8.19e-05
24)     6.23e-05           6.32e-05
25)     6.57e-05           5.96e-05
26)     9.73e-05           9.21e-05
27)     6.46e-05           6.07e-05
28)     6.28e-05           6.14e-05
29)     6.49e-05           6.08e-05
30)     6.52e-05           6.26e-05
31)     6.31e-05           5.94e-05
32)     6.27e-05           5.95e-05
33)     6.22e-05           6.18e-05
34)     6.44e-05           6.06e-05
35)     6.46e-05           6.08e-05
36)     8.27e-05           7.94e-05
37)     6.32e-05           6.01e-05
38)     6.47e-05           6.35e-05
39)     6.31e-05           5.95e-05
40)     8.13e-05           8.17e-05
41)     6.43e-05           5.94e-05
42)     6.87e-05           6.25e-05
43)     6.14e-05           5.96e-05
44)     6.47e-05           6.11e-05
45)     6.3e-05           5.99e-05
46)     6.23e-05           6.11e-05
47)     6.48e-05           6.11e-05
48)     6.48e-05           6.07e-05
49)     6.13e-05           6.24e-05
50)     6.87e-05           5.96e-05

Test: 2

Search: 
     혀rtesian                      AVL
1)     6.06e-05           5.86e-05
2)     6.06e-05           5.77e-05
3)     6.57e-05           6.07e-05
4)     6.49e-05           6.3e-05
5)     6.89e-05           5.74e-05
6)     6.26e-05           6.22e-05
7)     6.51e-05           5.86e-05
8)     6.07e-05           5.85e-05
9)     6.22e-05           5.8e-05
10)     6.25e-05           6.1e-05
11)     6.21e-05           6.28e-05
12)     6.08e-05           5.95e-05
13)     6.24e-05           5.86e-05
14)     6.3e-05           5.97e-05
15)     6.45e-05           5.98e-05
16)     6.47e-05           6.08e-05
17)     6.44e-05           6.07e-05
18)     6.29e-05           5.89e-05
19)     6.48e-05           6.4e-05
20)     6.42e-05           6.01e-05
21)     6.05e-05           5.91e-05
22)     6.02e-05           5.64e-05
23)     6.47e-05           6.09e-05
24)     6.2e-05           6.08e-05
25)     6.26e-05           5.85e-05
26)     6.32e-05           5.95e-05
27)     6.09e-05           5.84e-05
28)     6.2e-05           5.77e-05
29)     6.52e-05           6.08e-05
30)     6.5e-05           6.11e-05
31)     6.27e-05           5.87e-05
32)     6.05e-05           5.74e-05
33)     6.46e-05           5.97e-05
34)     6.08e-05           5.95e-05
35)     6.46e-05           6.38e-05
36)     6.52e-05           5.98e-05
37)     6.45e-05           6.08e-05
38)     6.41e-05           5.99e-05
39)     6.45e-05           6.07e-05
40)     6.45e-05           6.08e-05
41)     6.27e-05           5.92e-05
42)     6.02e-05           5.82e-05
43)     6.23e-05           5.92e-05
44)     6.03e-05           5.84e-05
45)     6.43e-05           6.05e-05
46)     6.32e-05           6.07e-05
47)     6.84e-05           5.7e-05
48)     6.25e-05           5.93e-05
49)     6.43e-05           6.07e-05
50)     6.28e-05           5.96e-05

Test: 3

Search: 
     혀rtesian                      AVL
1)     6.37e-05           6.05e-05
2)     6.28e-05           5.92e-05
3)     6.4e-05           6.21e-05
4)     6.41e-05           6.34e-05
5)     6.39e-05           6.04e-05
6)     6.21e-05           5.92e-05

Test: 0

Search: 
     혀rtesian                      AVL
1)     6.14e-05           5.84e-05
2)     6.27e-05           5.83e-05
3)     6.18e-05           6.26e-05
4)     6.23e-05           5.85e-05
5)     6.42e-05           5.86e-05
6)     6.52e-05           5.85e-05
7)     6.17e-05           5.86e-05
8)     6.14e-05           5.84e-05
9)     6.18e-05           5.99e-05
10)     6.35e-05           5.99e-05
11)     6.21e-05           5.9e-05
12)     6.03e-05           6.21e-05
13)     7.94e-05           6.26e-05
14)     6.22e-05           5.89e-05
15)     6.29e-05           5.97e-05
16)     6.22e-05           5.92e-05
17)     6.27e-05           5.9e-05
18)     0.000139           0.0001008
19)     6e-05           6.54e-05
20)     6.25e-05           5.94e-05
21)     6.25e-05           5.92e-05
22)     0.0001399           0.0001395
23)     6.04e-05           5.88e-05
24)     6.23e-05           5.92e-05
25)     0.0001406           0.0001338
26)     6.26e-05           5.96e-05
27)     6.28e-05           5.95e-05
28)     6.26e-05           5.95e-05
29)     6.27e-05           5.99e-05
30)     6.24e-05           6.05e-05
31)     6.14e-05           6.1e-05
32)     6.35e-05           5.93e-05
33)     6.26e-05           5.96e-05
34)     6.43e-05           6.07e-05
35)     6.31e-05           5.95e-05
36)     6.23e-05           5.92e-05
37)     6.23e-05           5.9e-05
38)     0.0001448           0.0001365
39)     6.07e-05           9.02e-05
40)     0.0001408           0.0001339
41)     6.08e-05           5.92e-05
42)     6.01e-05           5.83e-05
43)     0.0001395           0.0001325
44)     7.05e-05           5.98e-05
45)     6.28e-05           5.98e-05
46)     6.87e-05           6.34e-05
47)     0.0001397           0.0001004
48)     6.25e-05           5.93e-05
49)     6.3e-05           5.99e-05
50)     6.23e-05           5.92e-05

Test: 1

Search: 
     혀rtesian                      AVL
1)     6.5e-05           6.28e-05
2)     6.34e-05           5.95e-05
3)     6.33e-05           5.99e-05
4)     0.0001111           6.08e-05
5)     6.4e-05           5.96e-05
6)     6.32e-05           5.92e-05
7)     6.15e-05           6.06e-05
8)     6.26e-05           5.94e-05
9)     6.25e-05           9.16e-05
10)     6.28e-05           5.97e-05
11)     6.09e-05           5.92e-05
12)     7.56e-05           5.94e-05
13)     6.25e-05           5.95e-05
14)     6.1e-05           5.92e-05
15)     6.18e-05           6.67e-05
16)     6.47e-05           6.05e-05
17)     6.12e-05           5.82e-05
18)     0.0001382           0.0001314
19)     6.2e-05           5.89e-05
20)     6.29e-05           5.88e-05
21)     6.17e-05           6.43e-05
22)     6.14e-05           5.83e-05
23)     5.95e-05           5.85e-05
24)     6.21e-05           5.88e-05
25)     6.51e-05           5.85e-05
26)     6.38e-05           5.85e-05
27)     0.0001383           0.0001314
28)     6.17e-05           5.86e-05
29)     6.03e-05           5.85e-05
30)     0.0001381           0.0001343
31)     6.19e-05           6.2e-05
32)     6.15e-05           5.86e-05
33)     6.14e-05           5.84e-05
34)     6.14e-05           5.85e-05
35)     6.18e-05           5.88e-05
36)     6.33e-05           5.91e-05
37)     6.3e-05           5.94e-05
38)     6.16e-05           5.86e-05
39)     6.14e-05           5.85e-05
40)     6.33e-05           5.97e-05
41)     0.0001393           0.0001328
42)     6.54e-05           5.89e-05
43)     6.15e-05           5.85e-05
44)     6.15e-05           6.08e-05
45)     6.14e-05           5.88e-05
46)     6.2e-05           5.9e-05
47)     6.12e-05           5.82e-05
48)     6.15e-05           5.85e-05
49)     6.19e-05           5.88e-05
50)     6.19e-05           5.87e-05

Test: 2

Search: 
     혀rtesian                      AVL
1)     6.19e-05           5.88e-05
2)     6.55e-05           8.46e-05
3)     6.16e-05           5.86e-05
4)     0.0001384           0.0001315
5)     0.0002042           5.83e-05
6)     6.21e-05           5.86e-05
7)     6.16e-05           5.86e-05
8)     6.16e-05           5.82e-05
9)     6.15e-05           5.86e-05
10)     6.16e-05           5.85e-05
11)     5.94e-05           5.83e-05
12)     6.18e-05           6.23e-05
13)     0.0001385           6.96e-05
14)     6.18e-05           5.89e-05
15)     6.21e-05           5.88e-05
16)     6.15e-05           5.86e-05
17)     6.15e-05           5.85e-05
18)     0.0001385           0.0001316
19)     0.0001381           0.0001315
20)     6.52e-05           5.86e-05
21)     0.0001383           0.0001315
22)     6.16e-05           5.87e-05
23)     6.15e-05           5.84e-05
24)     6.13e-05           5.84e-05
25)     0.0001403           0.0001312
26)     0.000174           0.0001318
27)     6.13e-05           5.82e-05
28)     6.16e-05           6.03e-05
29)     6.17e-05           5.85e-05
30)     6.15e-05           5.85e-05
31)     6.31e-05           5.87e-05
32)     0.0001381           0.0001315
33)     6.39e-05           5.64e-05
34)     5.85e-05           5.9e-05
35)     0.0001382           0.0001344
36)     6.16e-05           5.83e-05
37)     6.15e-05           5.85e-05
38)     0.0001399           0.0001315
39)     6.46e-05           5.89e-05
40)     6.18e-05           5.94e-05
41)     6.06e-05           5.91e-05
42)     0.0001394           0.0001354
43)     6.04e-05           5.95e-05
44)     6.23e-05           5.94e-05
45)     6.95e-05           5.86e-05
46)     6.09e-05           5.92e-05
47)     6.22e-05           5.88e-05
48)     6.18e-05           6.23e-05
49)     6.23e-05           5.85e-05
50)     6.18e-05           5.86e-05

Test: 3

Search: 
     혀rtesian                      AVL
1)     6.14e-05           5.85e-05
2)     0.0001384           0.0001315
3)     6.15e-05           5.85e-05
4)     0.0001384           0.0001334
5)     6.02e-05           0.0001158
6)     6.13e-05           5.83e-05
7)     0.0001383           0.0001315
8)     6.03e-05           6.27e-05
9)     0.0001384           0.0001316
10)     6.15e-05           5.86e-05
11)     6.17e-05           5.83e-05
12)     6.16e-05           5.87e-05
13)     6.32e-05           5.87e-05
14)     6.15e-05           5.84e-05
15)     6.16e-05           6.02e-05
16)     6.18e-05           5.87e-05
17)     0.0001395           0.0001322
18)     5.87e-05           5.89e-05
19)     6.13e-05           5.83e-05
20)     6.12e-05           5.82e-05
21)     6.34e-05           6.01e-05
22)     6.16e-05           5.85e-05
23)     0.0001383           0.0001315
24)     6.22e-05           5.85e-05
25)     0.0001346           0.0001313
26)     6.17e-05           5.85e-05
27)     6.16e-05           5.85e-05
28)     6.15e-05           5.84e-05
29)     0.0001398           0.0001267
30)     6.17e-05           5.87e-05
31)     6.16e-05           5.85e-05
32)     6.13e-05           5.82e-05
33)     6.17e-05           5.88e-05
34)     6.12e-05           5.86e-05
35)     6.02e-05           5.85e-05
36)     6.16e-05           5.85e-05
37)     6.15e-05           5.85e-05
38)     6.56e-05           5.78e-05
39)     6.01e-05           5.85e-05
40)     6.19e-05           6.18e-05
41)     6.4e-05           5.36e-05
42)     6.14e-05           5.85e-05
43)     6.13e-05           5.84e-05
44)     0.0001405           0.0001309
45)     6.17e-05           5.86e-05
46)     6.38e-05           5.97e-05
47)     6.15e-05           5.84e-05
48)     6.17e-05           5.85e-05
49)     0.0001398           0.0001379
50)     6.04e-05           6.01e-05

Test: 4

Search: 
     혀rtesian                      AVL
1)     6.13e-05           5.83e-05
2)     6.29e-05           5.96e-05
3)     6.16e-05           5.84e-05
4)     6.12e-05           5.83e-05
5)     6.11e-05           5.82e-05
6)     6.15e-05           5.85e-05
7)     6.03e-05           5.85e-05
8)     6.17e-05           6.02e-05
9)     0.0001381           0.0001314
10)     5.98e-05           5.86e-05
11)     6.14e-05           5.85e-05
12)     6.14e-05           5.85e-05
13)     6.65e-05           5.82e-05
14)     6.15e-05           5.86e-05
15)     6.15e-05           5.85e-05
16)     6.31e-05           5.63e-05
17)     6.35e-05           5.98e-05
18)     6.16e-05           5.87e-05
19)     0.0004313           0.00016
20)     6.16e-05           5.85e-05
21)     6.04e-05           5.86e-05
22)     6.03e-05           5.85e-05
23)     6.14e-05           5.85e-05
24)     6.04e-05           6.01e-05
25)     6.14e-05           6.22e-05
26)     6.32e-05           5.9e-05
27)     0.0001382           0.0001314
28)     0.0001384           0.0001314
29)     0.0001383           0.0001315
30)     6.02e-05           5.86e-05
31)     6.15e-05           0.0001027
32)     6.14e-05           5.84e-05
33)     6.15e-05           5.86e-05
34)     6.2e-05           5.86e-05
35)     6.14e-05           5.83e-05
36)     0.0001398           0.0001326
37)     6.13e-05           5.83e-05
38)     6.2e-05           5.85e-05
39)     6.18e-05           5.84e-05
40)     6.04e-05           5.86e-05
41)     6.13e-05           5.83e-05
42)     6.14e-05           5.85e-05
43)     5.97e-05           5.86e-05
44)     6.12e-05           5.99e-05
45)     6.18e-05           5.85e-05
46)     6.15e-05           5.86e-05
47)     6.14e-05           6.21e-05
48)     6.14e-05           5.84e-05
49)     6.21e-05           5.86e-05
50)     6.02e-05           5.88e-05

Test: 5

Search: 
     혀rtesian                      AVL
1)     7.03e-05           5.97e-05
2)     6.33e-05           5.99e-05
3)     6.03e-05           5.85e-05
4)     5.96e-05           5.83e-05
5)     6.12e-05           5.82e-05
6)     5.96e-05           5.85e-05
7)     0.0001378           0.000131
8)     6.15e-05           5.85e-05
9)     6.15e-05           5.85e-05
10)     6.49e-05           5.85e-05
11)     6.48e-05           7.09e-05
12)     6.15e-05           5.85e-05
13)     6.13e-05           5.83e-05
14)     6.15e-05           5.84e-05
15)     0.0001379           0.0001338
16)     6.27e-05           5.85e-05
17)     6.12e-05           5.82e-05
18)     6.17e-05           6.04e-05
19)     6.12e-05           5.82e-05
20)     6.13e-05           5.83e-05
21)     6.19e-05           6.04e-05
22)     6.18e-05           5.85e-05
23)     6.23e-05           5.91e-05
24)     6.16e-05           5.85e-05
25)     6.12e-05           5.82e-05
26)     6.17e-05           6.24e-05
27)     0.0001383           0.0001315
28)     6.76e-05           0.0002112
29)     7.82e-05           7.62e-05
30)     6.13e-05           5.88e-05
31)     6.42e-05           6e-05
32)     6.14e-05           5.85e-05
33)     6.54e-05           5.85e-05
34)     6.03e-05           5.85e-05
35)     6.16e-05           5.85e-05
36)     7.97e-05           0.0001322
37)     6.18e-05           5.84e-05
38)     5.79e-05           5.54e-05
39)     6.13e-05           5.83e-05
40)     6.12e-05           5.83e-05
41)     6.05e-05           5.73e-05
42)     6.14e-05           5.84e-05
43)     6.52e-05           5.86e-05
44)     5.96e-05           5.88e-05
45)     6.2e-05           5.85e-05
46)     6.15e-05           5.83e-05
47)     6.04e-05           5.85e-05
48)     0.0001383           0.0001315
49)     6.16e-05           5.85e-05
50)     6.28e-05           5.84e-05

Test: 6

Search: 
     혀rtesian                      AVL
1)     6.13e-05           5.83e-05
2)     6.04e-05           6.01e-05
3)     6.29e-05           5.85e-05
4)     6.15e-05           5.85e-05
5)     0.0001381           0.0001345
6)     6.21e-05           5.85e-05
7)     6.2e-05           5.85e-05
8)     6.32e-05           6.11e-05
9)     0.0001382           0.0001314
10)     0.0001414           0.0001316
11)     0.0001392           0.0001337
12)     6.36e-05           6.17e-05
13)     0.0001524           0.0001315
14)     6.13e-05           5.83e-05
15)     6.15e-05           5.85e-05
16)     6.33e-05           5.65e-05
17)     6.15e-05           5.85e-05
18)     6.16e-05           6.12e-05
19)     5.95e-05           5.85e-05
20)     6.3e-05           5.84e-05
21)     6.19e-05           5.9e-05
22)     6.13e-05           5.83e-05
23)     6.37e-05           5.85e-05
24)     6.17e-05           5.87e-05
25)     6.06e-05           5.83e-05
26)     0.0001382           0.000136
27)     6.15e-05           5.85e-05
28)     0.0001293           6.32e-05
29)     6.15e-05           5.85e-05
30)     6.14e-05           5.84e-05
31)     6.15e-05           5.85e-05
32)     6.15e-05           5.84e-05
33)     6.14e-05           5.82e-05
34)     6.26e-05           5.95e-05
35)     6.11e-05           5.82e-05
36)     6.18e-05           5.85e-05
37)     6.14e-05           5.85e-05
38)     6.16e-05           7.38e-05
39)     0.0001384           0.0001315
40)     6.18e-05           5.84e-05
41)     6.16e-05           6.15e-05
42)     6.14e-05           5.83e-05
43)     6.3e-05           5.97e-05
44)     6.15e-05           5.84e-05
45)     0.0001429           0.0001315
46)     6.2e-05           5.88e-05
47)     6.15e-05           5.84e-05
48)     6.04e-05           6.2e-05
49)     6.33e-05           6.13e-05
50)     6.14e-05           5.86e-05

Test: 7

Search: 
     혀rtesian                      AVL
1)     6.21e-05           6.08e-05
2)     6.16e-05           5.86e-05
3)     6.17e-05           5.85e-05
4)     6.16e-05           5.86e-05
5)     6.15e-05           5.84e-05
6)     6.16e-05           6.4e-05
7)     6.14e-05           5.86e-05
8)     6.16e-05           5.86e-05
9)     6.03e-05           6.09e-05
10)     6.14e-05           6.11e-05
11)     6.17e-05           5.85e-05
12)     0.0001383           0.0001315
13)     6.14e-05           5.84e-05
14)     6.15e-05           5.85e-05
15)     6.21e-05           5.85e-05
16)     6.18e-05           5.96e-05
17)     6.13e-05           5.83e-05
18)     6.14e-05           5.85e-05
19)     6.15e-05           5.85e-05
20)     0.0001412           0.000132
21)     6.01e-05           5.84e-05
22)     0.0001381           0.0001315
23)     6.13e-05           5.83e-05
24)     6.05e-05           5.85e-05
25)     0.0001034           5.92e-05
26)     0.0001384           0.0001315
27)     6.14e-05           5.85e-05
28)     0.0001386           0.0001316
29)     6.16e-05           5.85e-05
30)     6.32e-05           5.97e-05
31)     6.52e-05           6.2e-05
32)     6.13e-05           5.85e-05
33)     6.29e-05           5.97e-05
34)     6.36e-05           5.86e-05
35)     6.78e-05           5.85e-05
36)     6.18e-05           5.85e-05
37)     6.18e-05           5.85e-05
38)     5.85e-05           5.86e-05
39)     6.02e-05           5.85e-05
40)     6.21e-05           5.88e-05
41)     6.23e-05           5.85e-05
42)     6.15e-05           5.86e-05
43)     6.15e-05           5.85e-05
44)     6.17e-05           5.85e-05
45)     6.15e-05           5.85e-05
46)     6.45e-05           5.85e-05
47)     6.16e-05           5.86e-05
48)     6.19e-05           6.12e-05
49)     6.17e-05           5.9e-05
50)     6.06e-05           5.89e-05
