Test 1
0.0012591
0.0012339
0.0012143
0.0011836
0.0012446
0.0012039
0.0012107
0.0011937
0.0011835
0.0012197
Sorted
0.0014137
0.0014449
0.0014485
0.0014527
0.0015056
0.0014228
0.0014482
0.0014364
0.0014363
0.0015214
Test 2
0.001337
0.0013268
0.0013376
0.0012993
0.0013142
0.0013025
0.0013182
0.0013523
0.0013027
0.0013038
Sorted
0.0022477
0.0021626
0.0022233
0.0021768
0.0022009
0.0021858
0.0022009
0.0021513
0.0022376
0.0021713
Test 3
0.001299
0.0013402
0.0012321
0.0013368
0.0012767
0.0013646
0.0013474
0.0013222
0.0013575
0.0013404
Sorted
0.0039126
0.0038125
0.0038225
0.0038016
0.0037433
0.0037754
0.0038606
0.0038106
0.0038993
0.0037294
Test 4
0.0012951
0.0013591
0.0012763
0.0012318
0.001368
0.0013258
0.0013059
0.0012951
0.0013232
0.0013351
Sorted
0.0070395
0.0073601
0.0076597
0.0071735
0.0071828
0.0070024
0.0071864
0.0074211
0.0072678
0.0071737
Test 5
0.0013543
0.0012479
0.0013456
0.0013443
0.001307
0.0013677
0.0013985
0.0012976
0.0013355
0.00134
Sorted
0.0139004
0.0139904
0.014204
0.0138039
0.0139859
0.0141994
0.0141049
0.0138404
0.0138993
0.0140624
Test 6
0.00145
0.0013515
0.00132
0.001445
0.0013031
0.0013238
0.0014677
0.001459
0.0013235
0.001381
Sorted
0.0274275
0.0276455
0.0270987
0.0280878
0.0278709
0.0276171
0.0270895
0.0283181
0.028158
0.0273951
Test 7
0.0015146
0.0014036
0.0014305
0.0016149
0.0013077
0.0015027
0.0015813
0.0014268
0.0013901
0.001312
Sorted
0.0658129
0.098847
0.0536618
0.0544537
0.156032
0.0539676
0.151237
0.0642769
0.0548104
0.138721
Test 8
0.0015594
0.001504
0.0016433
0.0015663
0.001593
0.0013438
0.0013283
0.0013221
0.0020682
0.0018101
Sorted
0.209747
0.318299
0.296834
0.211502
0.186696
0.25746
0.106485
0.298876
0.323366
0.120728
Test 9
0.0013334
0.001403
0.0022369
0.0021344
0.0013798
0.0013007
0.0021425
0.001354
0.0023251
0.0013667
Sorted
0.434686
0.220357
0.561219
0.488824
0.476843
0.632102
0.639056
0.652536
0.600416
0.285278
Test 10
0.0013365
0.002142
0.002191
0.0022186
0.0013187
0.0022043
0.0022616
0.0031177
0.0022118
0.0021511
Sorted
1.16709
0.800018
1.20025
1.3274
0.992055
0.975212
0.804336
0.750014
1.03063
1.05853
